UMAP_1	UMAP_2	pseudotime_glut_T1	pseudotime_glut_T2	pseudotime_gaba	pseudotime_rad_glia	pseudotime_cyc_rad_glia	pseudotime_cr_cells
4.381385502334432	2.7071617360432016	NA	NA	NA	NA	30.40207368621805	NA
-0.046060564998789855	1.8738034482319224	NA	NA	69.05360495355787	NA	NA	NA
-0.5280768303910933	2.042151522191273	NA	NA	69.25376799674173	NA	NA	NA
-0.16834163952271564	3.22769386723827	NA	NA	70.40336985643694	NA	NA	NA
-0.7156880228559218	3.0660320039112436	NA	NA	73.85786279561763	NA	NA	NA
0.7117277951200761	-2.9335526709239614	7.0965132542142735	6.642327618816574	NA	NA	NA	NA
4.45857160996993	2.4956839795429575	NA	NA	NA	NA	33.20073309449773	NA
-2.871933522705241	-3.158739018885387	18.251788854325056	NA	NA	NA	NA	NA
6.218362984176473	0.24897032633613225	NA	NA	NA	189.5890557605055	NA	NA
0.765278753753499	-3.0568022017161978	7.872312768500655	7.244802215526421	NA	NA	NA	NA
3.5734626622160235	3.003490280659901	NA	NA	NA	NA	25.531120907909102	NA
5.120731052871541	2.27363736584972	NA	NA	NA	NA	41.70972877126884	NA
-1.1912021218578062	3.0563693757374155	NA	NA	73.63446101649434	NA	NA	NA
-3.3168788580934248	-2.865943360773815	18.841948376759397	NA	NA	NA	NA	NA
-2.692963305000468	-2.242983746973766	18.936593081080126	NA	NA	NA	NA	NA
-0.153334322456523	1.8779235596973765	NA	NA	70.1297244405675	NA	NA	NA
-0.888209822658702	3.502276730092274	NA	NA	74.80289405035094	NA	NA	NA
-1.841944876197978	-3.270608592478527	14.868764675376262	NA	NA	NA	NA	NA
-0.20441288042466266	2.191770147832142	NA	NA	65.58260204812605	NA	NA	NA
-0.9237129642407141	-3.230246234385265	13.531696478134993	NA	NA	NA	NA	NA
5.1564986081083575	2.174041819127308	NA	NA	NA	NA	42.649837867789685	NA
-1.5183906583825788	-3.18026511713673	14.358192366780228	NA	NA	NA	NA	NA
-2.406807723526164	-2.80080955073048	16.98455291327433	NA	NA	NA	NA	NA
-1.5907613663713178	3.4902685399372446	NA	NA	79.59466481176061	NA	NA	NA
4.729458984847859	2.273139309437977	NA	NA	NA	NA	36.2388955835829	NA
0.11937015962202924	2.4560442681629526	NA	NA	66.4495870620077	NA	NA	NA
-0.10315442371766192	3.312742065938221	NA	NA	71.2300954531249	NA	NA	NA
4.421910938735799	2.579688381703602	NA	NA	NA	NA	32.39420005574549	NA
1.1846224636991778	-2.7944888357799185	3.50483867792375	3.3155178010889554	NA	NA	NA	NA
-0.22393304396073443	-2.3535336737315786	11.093626179732897	NA	NA	NA	NA	NA
5.6068841786344805	1.1657247062046396	NA	NA	NA	194.53401616118816	NA	NA
5.256059822555379	1.6225368495304453	NA	NA	NA	NA	40.45293454049015	NA
-0.7327550976316176	-2.8618814234416616	12.556278736924643	NA	NA	NA	NA	NA
-1.1084650411049566	-3.5686020140330923	13.908397503358994	NA	NA	NA	NA	NA
5.61471527528365	0.18816023722480413	NA	NA	NA	195.15562456067065	NA	NA
-3.007588687423869	-1.6098508124034536	24.33164154529819	NA	NA	NA	NA	NA
-3.2059064536134443	-3.0658675913493765	18.993602430382346	NA	NA	NA	NA	NA
-3.1989606051484785	-2.827895093409313	18.993602430382346	NA	NA	NA	NA	NA
-2.230385604385539	-2.592142272440685	16.811388801605293	NA	NA	NA	NA	NA
-3.4511836199800214	-2.735729384867443	20.711463726328326	NA	NA	NA	NA	NA
-3.3323205142060957	-2.9282380823772085	19.728593041709193	NA	NA	NA	NA	NA
-1.4323069779912672	-2.108170676676525	NA	23.420697798084202	NA	NA	NA	NA
-0.08641350555817706	1.9572652097065317	NA	NA	70.28778958930718	NA	NA	NA
-1.5196579723397932	2.678232025655018	NA	NA	73.91042401030005	NA	NA	NA
-0.18952620315949542	-2.2776970152537954	10.78292746826786	NA	NA	NA	NA	NA
-2.6030574469606123	-3.3304151777904165	16.794513909060658	NA	NA	NA	NA	NA
-0.27260631609360797	2.9539540524799692	NA	NA	70.40336985643694	NA	NA	NA
-1.6806915431062421	2.5687199349720347	NA	NA	80.45789398326252	NA	NA	NA
5.789680656905965	0.18539662316630956	NA	NA	NA	193.53449479748792	NA	NA
-2.1554507641832075	-3.3963376764934194	17.01264523063179	NA	NA	NA	NA	NA
-3.2903915076295576	-2.824019837824596	20.35865138182625	NA	NA	NA	NA	NA
0.10158222627241986	3.2779408212025034	NA	NA	69.8195929256634	NA	NA	NA
-3.1919577746431074	-3.072275090662731	19.14529436547486	NA	NA	NA	NA	NA
-2.238255920890971	-2.0366441492717398	15.985880635796388	NA	NA	NA	NA	NA
3.5451657147367754	3.111428808720814	NA	NA	NA	NA	27.69729804519298	NA
-1.0065914868156156	-3.5610665564220083	14.750441698155205	NA	NA	NA	NA	NA
-1.9242578773538312	2.6647680516559946	NA	NA	78.07665207750144	NA	NA	NA
-0.2380523710290633	3.550832819493519	NA	NA	72.71949459075557	NA	NA	NA
6.35044640016158	0.0382300115395653	NA	NA	NA	184.9324261782812	NA	NA
-2.5822234778444013	-1.7483375553767813	24.047950835706658	NA	NA	NA	NA	NA
4.972916302200154	0.05126647494922755	0.5656949785452139	0.5668461563192352	NA	NA	NA	NA
3.3886081547697344	3.1665983910877573	NA	NA	NA	NA	28.606702295728798	NA
-3.4014688162843427	-1.747920203654064	22.09921901044579	NA	NA	NA	NA	NA
-1.026704984788104	3.3470872159321177	NA	NA	74.57875287352671	NA	NA	NA
4.646249947067098	2.2041331048328745	NA	NA	NA	NA	35.121634526357425	NA
5.414673027511434	-0.1228992824237478	NA	NA	NA	200.9843856822106	NA	NA
5.805354294296102	0.7241769547779429	NA	NA	NA	192.73926211014006	NA	NA
-2.8698173193971357	-1.749420094935192	22.267204937263855	NA	NA	NA	NA	NA
-2.799764814857646	-0.026756766883624813	NA	NA	NA	NA	NA	558.1589954812454
0.14142638158400433	2.4951859231312143	NA	NA	65.23362257272815	NA	NA	NA
4.285848793502645	3.2769342179615366	NA	NA	NA	NA	18.69015749417594	NA
-1.7817727952043256	-2.1621548418681753	16.185520833434573	NA	NA	NA	NA	NA
-2.664834919456645	-2.111400533167614	20.767537089666895	NA	NA	NA	NA	NA
-3.429384055618449	-1.9793693308513296	20.876607436257036	NA	NA	NA	NA	NA
-2.0145857958833417	2.496003937276112	NA	NA	81.5294846046035	NA	NA	NA
0.23642581414778607	2.2135225053150522	NA	NA	68.06894383476043	NA	NA	NA
-1.034479091946288	3.2440059895832407	NA	NA	74.47611428537957	NA	NA	NA
0.7639631600340165	-1.691023755518688	NA	14.780285771173824	NA	NA	NA	NA
-1.5962638287584028	-0.8767388348262442	NA	26.88797314467297	NA	NA	NA	NA
-2.6203057198564252	-1.2898226265590322	23.856572549746286	NA	NA	NA	NA	NA
-1.8576654820481977	-0.808248150793804	NA	28.47679423511875	NA	NA	NA	NA
-0.4600945739785872	-1.3067654852550161	NA	21.272414620540893	NA	NA	NA	NA
0.6476795048673906	-1.4077365879695547	NA	15.400105610179303	NA	NA	NA	NA
5.538659748550252	1.272384595425831	NA	NA	NA	194.53401616118816	NA	NA
-1.9202573328057966	-3.361241269556774	16.193900947621067	NA	NA	NA	NA	NA
4.439891037460164	2.564532589467274	NA	NA	NA	NA	32.30748475469708	NA
-1.5038314490358076	2.8283465619404184	NA	NA	77.60402614333795	NA	NA	NA
6.281775173660115	0.12769492373059865	NA	NA	NA	187.32375721785607	NA	NA
-3.109735789779826	-2.95677034899403	18.251685295108587	NA	NA	NA	NA	NA
-1.1160111232439718	-2.6589974646251333	13.459558708124558	NA	NA	NA	NA	NA
-1.5028615622560224	2.596740078480946	NA	NA	75.13233222504115	NA	NA	NA
3.92486160707076	3.2156337018329966	NA	NA	NA	NA	21.664743706455518	NA
-1.4990945487062177	-0.9241383557002676	NA	26.317745000563797	NA	NA	NA	NA
-0.43463915872971637	-3.3240584616344107	11.093626179732897	NA	NA	NA	NA	NA
4.2367884488066	3.3065918202717173	NA	NA	NA	NA	16.45684795171259	NA
-1.108715514723464	-3.2158710245769155	13.986881495225258	NA	NA	NA	NA	NA
-1.596049907688304	-2.097689080683483	15.515465987993382	NA	NA	NA	NA	NA
-0.13048333216111285	1.917616438420521	NA	NA	69.85934851319612	NA	NA	NA
-1.7515690951387128	2.437966656239735	NA	NA	79.73544419206121	NA	NA	NA
5.137300190444783	-0.16324800595451716	NA	NA	NA	201.87734710415535	NA	NA
-2.3520229487458906	-0.21597279950786952	NA	NA	NA	NA	NA	562.2793454159055
-1.6670621066133222	3.002512049229847	NA	NA	78.45456061906401	NA	NA	NA
5.538184818740682	0.23348991230319616	NA	NA	NA	196.229410351349	NA	NA
5.626353916641072	0.4596681113560068	NA	NA	NA	194.53401616118816	NA	NA
6.374041733260945	-0.016933951226962826	NA	NA	NA	179.90006040630627	NA	NA
0.7424202532728471	-2.9928607229869497	7.469511400556216	6.69260459031689	NA	NA	NA	NA
-0.7217549114267073	-3.1129349951427114	12.819445593014475	NA	NA	NA	NA	NA
-3.2728508143464765	-2.1281844858806265	20.7729651471101	NA	NA	NA	NA	NA
-1.7838963298837385	1.9361407275516855	NA	NA	74.9479584050239	NA	NA	NA
4.5649787754972735	2.5159168954212534	NA	NA	NA	NA	33.08373681733394	NA
0.2775130839308061	-1.6258719448726309	NA	11.68561961848421	NA	NA	NA	NA
-0.5522310762445174	-2.541987586466564	13.031728675562988	NA	NA	NA	NA	NA
0.0450466246565141	-1.1381325010936392	NA	17.421695417953458	NA	NA	NA	NA
-1.2111295639316282	-0.7508028630893362	NA	23.11755709625543	NA	NA	NA	NA
5.103130039687947	2.3065942044575083	NA	NA	NA	NA	40.212629484912924	NA
4.005357918258504	3.111267160924183	NA	NA	NA	NA	21.781372486164162	NA
3.9884306759794512	2.800231766255604	NA	NA	NA	NA	29.76940369064199	NA
5.917112526412801	0.256530057938801	NA	NA	NA	192.82168312402985	NA	NA
5.9978987545927325	0.4909876699764597	NA	NA	NA	190.38249078548773	NA	NA
4.846947845931844	2.50170452550243	NA	NA	NA	NA	36.426366316785845	NA
5.389537510391072	1.6087594743091929	NA	NA	NA	NA	43.325783953211484	NA
6.308895763870076	0.009700644129918792	NA	NA	NA	187.0630130881376	NA	NA
6.243802723403768	0.12158566370795844	NA	NA	NA	187.81352515721665	NA	NA
5.771756824966268	0.821064126046406	NA	NA	NA	193.46094040409568	NA	NA
5.096513924117879	2.1641987080891	NA	NA	NA	NA	39.41028167205061	NA
5.863933262344197	0.6921641941387522	NA	NA	NA	192.26959657815428	NA	NA
4.69765156220992	2.1694913621265757	NA	NA	NA	NA	37.7840501670339	NA
6.169056591506795	0.24465714052508947	NA	NA	NA	188.15972705393227	NA	NA
4.765606579299764	2.326492857487904	NA	NA	NA	NA	36.158553626361254	NA
4.832521137710408	2.3549624200184214	NA	NA	NA	NA	36.429561719939215	NA
3.6743542523344317	2.8408847565967905	NA	NA	NA	NA	25.71712999126115	NA
4.969034847732381	2.183471273930775	NA	NA	NA	NA	39.47483931773326	NA
0.7778598637541093	-3.050516057459606	6.36088514745128	6.111249568675981	NA	NA	NA	NA
5.094687637801961	2.4223850484211313	NA	NA	NA	NA	16.3069531358965	NA
6.374661144729451	0.004613049628244617	NA	NA	NA	181.65848360229484	NA	NA
0.25017839383681195	-3.0310897116344107	8.386122685140908	7.512736960989051	NA	NA	NA	NA
6.181427654739217	0.20571450546573278	NA	NA	NA	190.37511258449376	NA	NA
-2.021236958984538	2.7092269177753794	NA	NA	87.34588059438599	NA	NA	NA
5.1753608555753985	-0.06070765450407388	NA	NA	NA	198.66659995512302	NA	NA
4.041187939163045	3.224970411809193	NA	NA	NA	NA	22.43501215577149	NA
1.4088835091551104	-2.6758763079326284	0.7776176076012782	0.7773769911219601	NA	NA	NA	NA
-0.11982465076844317	2.799684834035145	NA	NA	70.05100068312912	NA	NA	NA
3.810872253890828	3.1653214211780893	NA	NA	NA	NA	23.479563146482363	NA
-2.996458592895671	-1.977959561793102	20.323167374052446	NA	NA	NA	NA	NA
-2.007191958908244	0.4980574066955912	23.257873787206005	NA	NA	NA	NA	NA
-0.22692787933747394	-2.79777901217152	10.382569922302062	NA	NA	NA	NA	NA
-1.3167012064496717	-2.1822127585094107	NA	25.078037528163378	NA	NA	NA	NA
-2.3180237441102705	-2.680528092829479	16.25877695874111	NA	NA	NA	NA	NA
-1.5428710608522138	2.1054042096454966	NA	NA	74.34940266800656	NA	NA	NA
-1.5462052254716596	-1.5138371472041738	13.965074561452713	NA	NA	NA	NA	NA
0.4182301135023393	-2.190955567805065	8.271111109545371	9.058680262880754	NA	NA	NA	NA
-1.5135096936265668	1.5046270604450571	NA	NA	NA	NA	NA	559.2461851691028
-2.573495569709941	-0.13969700380970362	NA	NA	NA	NA	NA	565.4294346888033
-2.982243242744609	-1.8088275675456655	21.66007109091361	NA	NA	NA	NA	NA
-2.2577284007112226	-2.159670043436779	16.922793713116356	NA	NA	NA	NA	NA
-2.000906172279521	-3.5024518255870474	15.784679922632174	NA	NA	NA	NA	NA
4.054624256606893	3.293811869176136	NA	NA	NA	NA	19.42270402738236	NA
5.213804897781209	-0.05114388063360574	NA	NA	NA	199.49186991052218	NA	NA
-1.011488433067008	-1.4582787041347158	NA	24.17889176686819	NA	NA	NA	NA
6.016997036453084	0.4616099114734995	NA	NA	NA	190.078803667419	NA	NA
1.3712856144865313	-2.717090058771862	2.432203249297619	2.3741497440288772	NA	NA	NA	NA
5.955319580550984	0.4663934822399485	NA	NA	NA	190.38249078548773	NA	NA
-0.684772345308467	-2.808514523951305	13.025014703648726	NA	NA	NA	NA	NA
0.2139928908308305	-1.3401941542308462	NA	18.299606472435745	NA	NA	NA	NA
-1.2116271584073743	-0.8256064538638723	NA	23.286133744640342	NA	NA	NA	NA
0.4065765709837236	-2.429401326624645	NA	10.727474971366028	NA	NA	NA	NA
0.2299615712126054	2.6653714890797007	NA	NA	66.2710958330148	NA	NA	NA
-0.19127553987900836	-1.968103456942333	11.184718968142974	NA	NA	NA	NA	NA
-1.0324038742820463	3.5741847272236216	NA	NA	76.27573752098667	NA	NA	NA
-2.6317178635637006	-2.2359775786082876	19.398137833143664	NA	NA	NA	NA	NA
-1.4459233908693037	3.2024622674305308	NA	NA	76.40267704967007	NA	NA	NA
-1.5511947302858076	-3.1444293741862905	14.640885960925624	NA	NA	NA	NA	NA
-3.129677596573039	-1.9988283400218618	20.7990307759596	NA	NA	NA	NA	NA
-1.890703442577525	0.45415816858600255	NA	NA	NA	NA	NA	555.5683730765587
-3.406373086456462	-1.8205534701030386	21.449429814502572	NA	NA	NA	NA	NA
-1.87788212585847	-2.78345696970631	15.691550946329098	NA	NA	NA	NA	NA
-1.7807959346811018	-0.8429140333812368	NA	30.84286212546264	NA	NA	NA	NA
-3.3944752841035566	-2.049807477442516	21.30119989170838	NA	NA	NA	NA	NA
-2.3931115298310957	-2.4620298628490103	17.98741776165685	NA	NA	NA	NA	NA
5.600014385696248	1.1781016106922495	NA	NA	NA	194.53401616118816	NA	NA
-2.6962543158570966	-3.269329715220226	17.746214377748082	NA	NA	NA	NA	NA
0.29160386037428754	1.770411562474476	NA	NA	50.52583985466521	NA	NA	NA
5.445453819747762	0.159446414859997	NA	NA	NA	198.95911619146278	NA	NA
-2.1771097807923994	-1.8192776922862661	22.0136941538331	NA	NA	NA	NA	NA
-0.05665582704941852	-2.8118671660106314	11.025546068567253	8.55261378657012	NA	NA	NA	NA
5.706386265273885	0.06910636305998442	NA	NA	NA	195.37204507047545	NA	NA
3.9051176876982012	2.8992582078297007	NA	NA	NA	NA	22.86259060080381	NA
4.5370036930998126	2.617743563206898	NA	NA	NA	NA	32.82746035882051	NA
5.925284561630086	0.11968236074041007	NA	NA	NA	190.0033850162711	NA	NA
5.833211597915486	0.3581936176140177	NA	NA	NA	192.5041882560064	NA	NA
4.594494995590047	2.935739349873768	NA	NA	NA	NA	17.12600211482756	NA
4.323722061630086	2.5191870446522104	NA	NA	NA	NA	32.251198530161815	NA
5.035567936416463	2.289109062703358	NA	NA	NA	NA	39.485832646377084	NA
4.172449764724568	3.269827198537098	NA	NA	NA	NA	18.46207369811723	NA
5.485479530807332	0.22211008921455022	NA	NA	NA	197.8742362099773	NA	NA
-0.35462796974579913	-3.126565623728527	10.95692122984864	NA	NA	NA	NA	NA
4.227744755264119	3.249835800679432	NA	NA	NA	NA	20.698784392575497	NA
3.4730674595793047	2.698622774632679	NA	NA	NA	NA	24.74721364668181	NA
5.119486507888631	2.159139465840565	NA	NA	NA	NA	40.372877057135604	NA
3.911072430129842	3.08822853520702	NA	NA	NA	NA	24.457478493819355	NA
5.088923153396443	2.237503599675404	NA	NA	NA	NA	39.55100150553387	NA
0.024133858199910097	2.34163052991222	NA	NA	64.37883027883744	NA	NA	NA
0.515297588821248	-2.544125724283947	6.879615038565859	9.97447798659149	NA	NA	NA	NA
6.278098759170369	0.08287650749276755	NA	NA	NA	188.14458263736864	NA	NA
-1.8614842920343122	3.151935648473011	NA	NA	78.17521963069323	NA	NA	NA
-2.1575368075410566	-3.1555277590434683	16.688647006150532	NA	NA	NA	NA	NA
-0.30891990948121173	3.293179583104359	NA	NA	70.77471402084745	NA	NA	NA
-1.6433692603151044	-2.916765141932262	15.548169581703355	NA	NA	NA	NA	NA
-1.8338075904885969	0.5229961390812266	NA	NA	NA	NA	NA	418.70188174477414
-1.528837981704875	3.443988155873524	NA	NA	78.43240588149426	NA	NA	NA
-1.0428203298489294	-2.8778940920512808	14.206389833004241	NA	NA	NA	NA	NA
5.9200813145597735	0.4446971233208048	NA	NA	NA	191.91609218711494	NA	NA
-1.7990709571878156	2.7554383988697397	NA	NA	75.05488121096289	NA	NA	NA
5.213515934463338	-0.010191511062873623	NA	NA	NA	196.71219419572287	NA	NA
6.25566690873702	0.1201712976415026	NA	NA	NA	184.75316021986896	NA	NA
5.606222328658895	0.2878293211777079	NA	NA	NA	195.8540070860768	NA	NA
4.174523052688436	2.625075411351429	NA	NA	NA	NA	30.370768653854668	NA
5.098888096328572	2.198000025304066	NA	NA	NA	NA	38.820048946231296	NA
-2.4066210417787275	-2.780560422388805	17.780049944043316	NA	NA	NA	NA	NA
-0.7449498205224715	-3.113250899760021	12.069116289760647	6.830229359978409	NA	NA	NA	NA
-3.448154750351115	-1.7041949515025747	22.445602598211998	NA	NA	NA	NA	NA
6.3617884488066	-0.05348494991470697	NA	NA	NA	180.71057789646153	NA	NA
-0.6494008927385054	-3.440967011896862	12.924776714978089	NA	NA	NA	NA	NA
-1.33844542789857	3.0629163499195444	NA	NA	75.0770568742073	NA	NA	NA
-0.6718921093980513	-2.7944258932750357	13.50131041068977	NA	NA	NA	NA	NA
-2.901087942604228	-1.3357828144710195	25.22533155644214	NA	NA	NA	NA	NA
-3.006374660019084	-2.6608170752208364	18.993602430382346	NA	NA	NA	NA	NA
0.19671672296126264	3.1673763509113657	NA	NA	68.7589351574498	NA	NA	NA
-1.7370948820153913	-3.421340394465221	15.56547076973881	NA	NA	NA	NA	NA
-0.3671054272691451	-2.7828945402782095	11.236842728690668	NA	NA	NA	NA	NA
-2.8738141684571943	-1.695304203478588	23.593924248932375	NA	NA	NA	NA	NA
-2.649847331527873	-2.392559218851818	18.185884638155564	NA	NA	NA	NA	NA
0.34851234864790814	3.0064726586658823	NA	NA	70.40336985643694	NA	NA	NA
5.606023964401082	0.3169258649666178	NA	NA	NA	195.69700905153383	NA	NA
-0.6253863005677901	-1.788528490511669	11.438823086256889	NA	NA	NA	NA	NA
5.8980194897611895	0.621134173424946	NA	NA	NA	192.5041882560064	NA	NA
-0.80224134314458	-3.48257224604298	13.651940963260785	NA	NA	NA	NA	NA
4.213907894607381	3.3014863248188364	NA	NA	NA	NA	19.16948985212163	NA
5.483049091811971	0.24316648796390172	NA	NA	NA	196.56665342063644	NA	NA
-2.0342022805253706	-3.019576240031017	17.054075478001234	NA	NA	NA	NA	NA
-3.049261632446452	-1.671666312662853	23.089126478615086	NA	NA	NA	NA	NA
-3.376900973800822	-1.9966563467662466	21.11385315778883	NA	NA	NA	NA	NA
4.62123030137618	2.5808697457630503	NA	NA	NA	NA	34.91620558245517	NA
5.586048302169637	0.27613730386088964	NA	NA	NA	195.35658056087655	NA	NA
3.7561623425443926	2.860130381139027	NA	NA	NA	NA	25.884165451513947	NA
0.8611811966856279	-2.8851398710887564	5.334824713574556	5.430634095434037	NA	NA	NA	NA
0.04965966653426068	-1.4134719853084219	NA	21.7214502295989	NA	NA	NA	NA
-3.259344640258952	-1.9853407625835073	21.504674361281122	NA	NA	NA	NA	NA
6.33617227983077	0.042806696446644046	NA	NA	NA	183.96079247774347	NA	NA
-2.6898639826814374	-3.371884751765026	17.727221226792174	NA	NA	NA	NA	NA
-1.6275929837266645	-1.194543886629833	NA	26.24549328943299	NA	NA	NA	NA
-3.4120903639833173	-1.6784555201213491	23.133373097604863	NA	NA	NA	NA	NA
-2.886800351623698	-1.6317871098201406	24.104378306432388	NA	NA	NA	NA	NA
-0.7159576444665633	-3.448924947230114	12.805861008497105	NA	NA	NA	NA	NA
6.3631426663358965	-0.015120017973674557	NA	NA	NA	181.5840429703395	NA	NA
-0.8869260056654654	-1.6085958962123525	NA	23.569731385257096	NA	NA	NA	NA
-0.1896766452829085	-1.1629591469447744	NA	20.854690983090308	NA	NA	NA	NA
-1.6788693695108137	3.1823933835346567	NA	NA	79.34444805103595	NA	NA	NA
-1.686681273464366	-0.6852785830180776	NA	28.821987863910973	NA	NA	NA	NA
5.3990642399748126	-0.1426413093488348	NA	NA	NA	200.76493121242925	NA	NA
4.280460056777791	3.3519902940113413	NA	NA	NA	NA	5.131680676748754	NA
-2.529275837425395	0.2016982252914774	NA	NA	NA	NA	NA	575.6770555296704
0.2804318041761674	1.676358770879017	NA	NA	67.17402285385202	NA	NA	NA
0.7109727234800615	-2.8270890001933706	7.241285070476646	8.19237032592224	NA	NA	NA	NA
-0.18792420912186725	-1.6655202393214834	NA	20.78385019647408	NA	NA	NA	NA
-1.941621127609416	-2.300081420389904	16.49139227571808	NA	NA	NA	NA	NA
0.14700013112624066	2.7524946446735727	NA	NA	68.7312938695192	NA	NA	NA
-1.1317519574205122	-1.1438913826625479	NA	26.45339112716959	NA	NA	NA	NA
-1.1195882065931997	-3.088289428202404	13.405153794503276	NA	NA	NA	NA	NA
-1.2766672401468	-0.9482426528613699	NA	24.597094595410514	NA	NA	NA	NA
-2.7002221970597944	-3.1575116400401724	18.902800670403465	NA	NA	NA	NA	NA
-3.3494198946992597	-2.014176536051525	20.55240028024735	NA	NA	NA	NA	NA
-2.7771479516069135	-2.3469912295024526	18.394232835165262	NA	NA	NA	NA	NA
0.032278952117756776	2.723020147832142	NA	NA	68.9986743967738	NA	NA	NA
-1.0780463992397031	2.748159718068348	NA	NA	71.35334992603478	NA	NA	NA
-3.348718705658122	-2.740903306452526	19.90354196984136	NA	NA	NA	NA	NA
-3.3992503314058027	-2.940553832499279	18.993602430382346	NA	NA	NA	NA	NA
-1.7114481954614362	3.168945621999012	NA	NA	76.80957143124874	NA	NA	NA
-2.066870275024577	-3.291682649103893	16.28742085744972	NA	NA	NA	NA	NA
-1.8221344976464948	-3.5672990564983023	13.84724657362594	NA	NA	NA	NA	NA
-2.381936135772868	-0.8053138737361563	28.244698131039193	NA	NA	NA	NA	NA
-2.518114033226176	0.09957400366853354	NA	NA	NA	NA	NA	590.9224991108209
-3.4060295252839765	-2.695676732508434	20.05523896509914	NA	NA	NA	NA	NA
-1.7380511789361677	3.1520579572040903	NA	NA	78.70572936994996	NA	NA	NA
-1.9549040226976118	-3.4309703592937124	16.061421497787606	NA	NA	NA	NA	NA
-1.3541028230230054	3.250375818761097	NA	NA	75.2707486722539	NA	NA	NA
-2.020409765724345	-1.8806655888240469	14.500293804156835	NA	NA	NA	NA	NA
-1.0125128022174081	-2.6865362410228384	13.07650732704798	NA	NA	NA	NA	NA
-0.5876992671529494	-3.4140099768321646	12.064759932105131	NA	NA	NA	NA	NA
0.22716980886061566	-2.9477342848460806	11.470014279126659	7.281050048252292	NA	NA	NA	NA
-1.8548989920655927	-3.3415302519481314	15.438777089647857	NA	NA	NA	NA	NA
-1.910788002494975	1.7924957986194956	NA	NA	NA	NA	NA	562.1063719883163
-2.294880691055461	-0.12731428786922816	NA	NA	NA	NA	NA	567.1595828886617
-0.17027712154786212	-1.7075323347728384	NA	20.33941239147227	NA	NA	NA	NA
-0.8850238947908126	-2.8038439039867056	13.534125455652898	NA	NA	NA	NA	NA
-2.657126966003581	-0.37043361708332423	26.755951067567292	NA	NA	NA	NA	NA
3.9583031506498614	3.1219487901050913	NA	NA	NA	NA	28.439216024175515	NA
-2.5926700263063154	-1.8308893923442495	21.185837058203937	NA	NA	NA	NA	NA
4.627402004714803	2.2128163094837534	NA	NA	NA	NA	34.8132429711109	NA
-1.3564470140973768	-0.9899701361339224	NA	24.334001537365804	NA	NA	NA	NA
-0.15358627128998859	-1.1706666235606802	NA	20.500601713282425	NA	NA	NA	NA
-1.5571720032731733	-3.2523204569499624	15.022137581884335	NA	NA	NA	NA	NA
-0.6328705875913344	-3.4121762995402944	12.476038241862263	NA	NA	NA	NA	NA
4.584399876113729	2.620786022694813	NA	NA	NA	NA	32.878458259134476	NA
-0.5832480220834456	-3.224621224848522	12.419723144035288	NA	NA	NA	NA	NA
-2.076230946067973	-1.8608674292247427	23.166719368351437	NA	NA	NA	NA	NA
-0.2956652073899947	-2.330035615412487	NA	8.809254476509485	NA	NA	NA	NA
-1.1557946978847227	2.518086981328236	NA	NA	72.45555422405508	NA	NA	NA
-1.1275405465404233	3.3846681828815806	NA	NA	75.50232780711796	NA	NA	NA
-2.608909192566081	-3.313066411463512	18.143385916648135	NA	NA	NA	NA	NA
-1.523074927810832	2.7276368851978647	NA	NA	77.86962810813519	NA	NA	NA
0.4895849795301713	1.6775252337772715	NA	NA	66.088362174554	NA	NA	NA
4.598260578628377	2.162461113484608	NA	NA	NA	NA	34.42327153153169	NA
6.07429951142867	0.08971205011199591	NA	NA	NA	189.14794697266402	NA	NA
-0.32600653458039386	2.6969803090412485	NA	NA	69.68581228040699	NA	NA	NA
-1.1065034820477209	2.2904794926960337	NA	NA	NA	NA	NA	995.1720741856795
-0.4938932685891829	3.2970541234333384	NA	NA	71.52766271117719	NA	NA	NA
-2.967730584625407	-0.11776653274704339	NA	NA	NA	NA	NA	555.5683730765587
-1.745231750492259	3.200831484349476	NA	NA	78.16231366455018	NA	NA	NA
0.32178812932570355	2.8871916051227915	NA	NA	69.96341081647883	NA	NA	NA
-0.37764424372117145	2.6650288815815317	NA	NA	71.10472639498573	NA	NA	NA
0.06852274846632855	-1.305601883379711	NA	17.373331168075545	NA	NA	NA	NA
-2.047057214264079	-3.5380279307048452	16.323795428075854	NA	NA	NA	NA	NA
0.7560867638548173	-2.970987248865856	5.9641655432428555	5.840325995753625	NA	NA	NA	NA
1.482416090484456	-2.7052392248790396	0	0	NA	NA	NA	NA
-0.1909227995912276	2.9389281983692515	NA	NA	70.60887199081955	NA	NA	NA
-3.3917091517488203	-2.5114456896464956	20.8136752270712	NA	NA	NA	NA	NA
-2.629463735107585	-2.179439235178722	21.82399038665229	NA	NA	NA	NA	NA
-0.3149176864663802	3.5494788403828013	NA	NA	73.89203043423771	NA	NA	NA
3.9147412152250567	3.0307985062916147	NA	NA	NA	NA	29.43038523518148	NA
3.429742035384969	3.145993542226063	NA	NA	NA	NA	26.289384171363192	NA
-0.4095313577691756	3.3567655797321665	NA	NA	72.71949459075557	NA	NA	NA
-1.8079893021623334	2.2279082055408823	NA	NA	78.05764226728056	NA	NA	NA
0.3230699868162431	-1.6069593910853994	NA	11.756130879490236	NA	NA	NA	NA
-0.5275473623315535	-3.2645982985179556	12.653029766648446	NA	NA	NA	NA	NA
-0.32082510281006915	2.714984964879261	NA	NA	68.93764140395986	NA	NA	NA
-3.3741169600526533	-2.4919616465251577	21.179090196940294	NA	NA	NA	NA	NA
-2.2626220612565717	-2.676152635065807	16.906063451375655	NA	NA	NA	NA	NA
-0.6743489532510482	-2.672950435129894	12.941966556857473	NA	NA	NA	NA	NA
-1.6943370132486066	1.8624189610798227	25.129365324337652	NA	NA	NA	NA	NA
3.247765717025594	3.1499684567768442	NA	NA	NA	NA	28.125900522553405	NA
-2.4667940764466962	-0.8600095991771353	26.416079949083173	NA	NA	NA	NA	NA
0.2692074150999345	-2.4292313341777456	NA	10.961978612945504	NA	NA	NA	NA
-0.691839280609294	-3.3715647940318716	13.559158792876655	NA	NA	NA	NA	NA
-0.8204528121988021	-3.1073812727611196	12.201365949336505	NA	NA	NA	NA	NA
-1.687174323085948	-3.407836604563488	14.857814511877002	NA	NA	NA	NA	NA
3.6359655232389727	3.0333731885273325	NA	NA	NA	NA	28.68049648231223	NA
-0.12808656979004962	-1.6342046742122305	NA	12.008264310449462	NA	NA	NA	NA
0.2078710169752397	1.8289414162952768	NA	NA	66.98361472250339	NA	NA	NA
-2.274213138107463	-2.025780606714977	18.303962839903743	NA	NA	NA	NA	NA
-2.718190494064494	-1.213036227671398	23.97490275475386	NA	NA	NA	NA	NA
0.00663262319167035	-1.5540341620128286	NA	11.220871371015116	NA	NA	NA	NA
-2.4349116711656293	-0.4337157492320669	26.080838577501556	NA	NA	NA	NA	NA
-0.03552055645386798	1.9023440594990122	NA	NA	69.51220871489414	NA	NA	NA
-2.606925073150798	-1.8713764433543814	20.604400441272837	NA	NA	NA	NA	NA
6.093296226974324	0.03690120328407166	NA	NA	NA	0	NA	NA
4.4324080319364825	2.821279120000111	NA	NA	NA	NA	21.955699293291737	NA
-0.7577787964383803	-2.748866248575939	12.688721901580227	NA	NA	NA	NA	NA
-0.36767828751008136	-1.2777522091548574	NA	20.785090297742656	NA	NA	NA	NA
4.6173421711881915	2.171961378606068	NA	NA	NA	NA	34.77315688955734	NA
-1.1782441167871198	-1.3104738478343618	NA	26.99839030354847	NA	NA	NA	NA
-2.651808443550273	-1.3097098354976309	24.518941851392963	NA	NA	NA	NA	NA
5.607711491103963	0.3462281043846476	NA	NA	NA	194.55532081873207	NA	NA
5.967667278762654	0.07634134993146537	NA	NA	NA	122.13176841812674	NA	NA
5.55347317170699	0.4025625403244364	NA	NA	NA	194.53401616118816	NA	NA
-1.4979686169664106	-0.7987533096950186	NA	26.94056958475776	NA	NA	NA	NA
0.7949889273603715	-3.0187014822642935	5.630115855429814	5.285525194317421	NA	NA	NA	NA
-2.5711514382402143	-0.09095430716682794	NA	NA	NA	NA	NA	562.5011627961037
-0.9886295460874878	-2.8553783182780874	13.316041782598706	NA	NA	NA	NA	NA
-2.9168035416642866	-1.497630167452587	25.01487952562606	NA	NA	NA	NA	NA
0.5638490290602006	-2.798919845072521	7.245918411672848	8.512360745503171	NA	NA	NA	NA
-0.9413013077120028	3.3874498124439585	NA	NA	75.31089097408582	NA	NA	NA
-3.082631412033244	-3.0187463049571646	19.022912257241025	NA	NA	NA	NA	NA
6.027519402023152	-0.24989028617550257	NA	NA	NA	435.95617902931366	NA	NA
0.8881631464918412	-2.2278286699931753	6.797000665396425	8.37387229342027	NA	NA	NA	NA
0.1489660115202226	1.411802958996998	NA	NA	72.41690339248247	NA	NA	NA
-2.9705577521363935	-3.0271848921458853	19.32274353792779	NA	NA	NA	NA	NA
-2.317565026764079	-3.3439738039653433	16.985370115824562	NA	NA	NA	NA	NA
0.3725878567655839	2.1285579915363657	NA	NA	66.70710392574136	NA	NA	NA
6.118987259383992	0.057218943091140964	NA	NA	NA	189.01770903264236	NA	NA
-0.48693323421876056	2.8243602032978403	NA	NA	69.83674473754529	NA	NA	NA
-2.832559528831645	-1.9544167999904287	23.013428350737993	NA	NA	NA	NA	NA
-0.9265090926329337	3.5275936837513315	NA	NA	85.30147549946763	NA	NA	NA
-3.4259007601777753	-2.107523131815685	20.8136752270712	NA	NA	NA	NA	NA
-1.4491202561895093	3.345214199574696	NA	NA	75.3208427651417	NA	NA	NA
0.8495822520216264	-2.8913473372142446	6.35914644828535	6.042680537259839	NA	NA	NA	NA
-1.1081059305707655	-2.7915879969279898	14.064045764344067	NA	NA	NA	NA	NA
-1.903158071521922	-1.8697610382716787	23.588967665442574	NA	NA	NA	NA	NA
-0.35833049106995685	-2.979177880732311	10.78292746826786	NA	NA	NA	NA	NA
-2.082439604286357	-1.036043811289562	26.670240149361145	NA	NA	NA	NA	NA
4.7061015934904376	2.172450375111805	NA	NA	NA	NA	36.464844362414574	NA
-1.663302126411601	-0.9040336494128836	NA	27.192212726281376	NA	NA	NA	NA
-1.3641702263395032	-1.0611459498088491	NA	25.170314801243524	NA	NA	NA	NA
-0.17622578430573566	-1.5158197168986929	NA	19.558232743770326	NA	NA	NA	NA
-1.4212288885156354	-0.7071096186320913	NA	25.23588186200974	NA	NA	NA	NA
-0.04175466585557086	-1.652372289149059	NA	17.465707390299865	NA	NA	NA	NA
0.28944700669844525	-1.6069479469936025	NA	14.341378864949695	NA	NA	NA	NA
-2.8467749981919965	-1.3895260576884878	24.610278612357394	NA	NA	NA	NA	NA
-2.4159663348237714	-0.697417843786968	26.063154369868816	NA	NA	NA	NA	NA
0.7981426091154374	-1.9510522370021475	NA	11.119411901397317	NA	NA	NA	NA
1.2193552823026934	-2.6809942011516226	3.5508534661435367	3.5798805261988695	NA	NA	NA	NA
-3.1585994391481123	-1.7855219130199087	21.62004758712137	NA	NA	NA	NA	NA
-0.97965937208037	-2.846492219416393	12.967338282040076	NA	NA	NA	NA	NA
-2.377370777610942	-2.7843686823527944	16.536644309325624	NA	NA	NA	NA	NA
-3.418251338485881	-1.7204505686442984	22.48233672112731	NA	NA	NA	NA	NA
-3.314395728592082	-2.6631805185954702	19.82748388505496	NA	NA	NA	NA	NA
5.589150604720906	0.0986949096639025	NA	NA	NA	197.06731027107946	NA	NA
0.37177735280592816	-2.8716751818339956	9.016003943681923	7.496125886780304	NA	NA	NA	NA
5.670101341720418	0.1003704632837641	NA	NA	NA	195.51713843209123	NA	NA
-3.083778682235881	-1.3176432137172354	23.054993449811384	NA	NA	NA	NA	NA
-2.4939807086030683	-1.1849258427302969	27.074557119586775	NA	NA	NA	NA	NA
-3.252046409134074	-2.8818980936687124	19.14529436547486	NA	NA	NA	NA	NA
0.3334560961683549	-2.977016139475597	9.45581951424254	6.812491445302621	NA	NA	NA	NA
-3.0227223067323408	-1.8083795790355337	22.679832339380496	NA	NA	NA	NA	NA
-1.60765290546815	-1.5078495030086172	13.543808010744367	NA	NA	NA	NA	NA
-2.2419421105424604	-2.0208935026805532	20.703069777882742	NA	NA	NA	NA	NA
-0.1764133601228438	-2.5594498400371206	9.845974938415917	NA	NA	NA	NA	NA
-0.5596402912179671	-1.4913478378932608	NA	20.556797004182737	NA	NA	NA	NA
-2.8027939229051313	-2.3045264963786734	19.204512717886765	NA	NA	NA	NA	NA
-2.998379292968913	-1.660340834109081	22.124092075481986	NA	NA	NA	NA	NA
-2.502059164528056	-0.36879872128178004	26.592044798183977	NA	NA	NA	NA	NA
-2.018376055244609	-2.3271373991649282	16.778334025882387	NA	NA	NA	NA	NA
0.10241883706648724	-2.7129487280528677	8.01078350506591	8.219160755835446	NA	NA	NA	NA
4.204364952560262	3.3348770852405893	NA	NA	NA	NA	19.284378843748133	NA
5.377182182784871	1.550263595135914	NA	NA	NA	196.91279901054378	NA	NA
0.3905838103254594	-1.6494721655528677	NA	15.899530700684153	NA	NA	NA	NA
3.916676697250203	3.199512075932728	NA	NA	NA	NA	22.579483096824674	NA
-0.5063739745656691	-1.1592119221370352	NA	16.18659686433083	NA	NA	NA	NA
-1.3557848362962446	3.4644103761036265	NA	NA	NA	NA	NA	477.96752306853494
-3.2330978541413984	-2.9122471098582876	18.840747644331845	NA	NA	NA	NA	NA
-0.7476691036264144	2.8282297368366587	NA	NA	73.89203043423771	NA	NA	NA
5.714524921890096	0.9256460781414377	NA	NA	NA	193.9516236444874	NA	NA
-1.7247731118241987	-3.1756586317699087	15.409615390122838	NA	NA	NA	NA	NA
1.2525741429289141	-2.6692849878947866	3.782007219147805	3.7052944849085616	NA	NA	NA	NA
-1.818790259842082	-1.3894052986781729	NA	NA	NA	NA	NA	559.4062350180947
-1.2899722783605299	3.2063275094349253	NA	NA	74.1600840918895	NA	NA	NA
6.323330578323201	-0.016055166421426556	NA	NA	NA	179.90006040630627	NA	NA
-1.9487594990770063	2.7142110581714975	NA	NA	78.97365500901743	NA	NA	NA
-2.5205938248674116	-1.7993286137263906	23.457268537112398	NA	NA	NA	NA	NA
-2.9076707987825117	-1.6663247828166616	23.25360878307599	NA	NA	NA	NA	NA
0.1623733611067094	3.096491884740101	NA	NA	68.86105987734136	NA	NA	NA
-1.8151160507241926	2.8000171895344126	NA	NA	75.09564709642589	NA	NA	NA
-3.239268842224284	-2.280074525324596	21.82098312978499	NA	NA	NA	NA	NA
-2.311139050010844	-3.448207545725597	17.47661399993909	NA	NA	NA	NA	NA
-3.229627433303996	-2.740241218058361	19.498476159915462	NA	NA	NA	NA	NA
5.122566875930623	2.219959091695057	NA	NA	NA	NA	43.34456991086181	NA
3.9466859669645586	3.213906597645985	NA	NA	NA	NA	22.851181365123807	NA
-3.008153977874919	-1.7398095612208975	21.298995274326803	NA	NA	NA	NA	NA
-1.7059846549073896	-3.5828212980907095	14.658772489794945	NA	NA	NA	NA	NA
-1.6072073011438093	3.37540156796764	NA	NA	82.9234273696716	NA	NA	NA
5.430552181716756	-0.1349191252868307	NA	NA	NA	204.8423391505467	NA	NA
-0.19363832760254962	-2.3126446489970816	9.68572223017381	NA	NA	NA	NA	NA
-0.1725228457490645	-1.8080683235805166	NA	19.400339433774796	NA	NA	NA	NA
0.3265616269071855	-1.2935709242503775	NA	15.899530700684153	NA	NA	NA	NA
-2.2563378243486127	-2.4778696779887808	17.00612981116639	NA	NA	NA	NA	NA
-1.104825365428134	-2.5607012991588247	12.522469943826565	7.578360526319453	NA	NA	NA	NA
-0.6281411080400191	-1.4184744839351309	NA	22.415677639227958	NA	NA	NA	NA
1.1963471741636553	-2.2891933207194937	4.83058254043458	4.4287682672628375	NA	NA	NA	NA
1.0993162960966387	-2.437180924860729	4.801845575249764	4.510751377129846	NA	NA	NA	NA
-0.4202018408815108	2.8124745602924692	NA	NA	70.21598051925632	NA	NA	NA
-2.07353300142686	-3.234419990031017	16.952654501492468	NA	NA	NA	NA	NA
-2.588629308227702	-0.07359944626499536	NA	NA	NA	NA	NA	563.8997433849923
-2.629627409462138	0.33245043114017125	NA	NA	NA	NA	NA	595.3222241761673
5.401807960983113	1.4787251468021738	NA	NA	NA	NA	44.249975067073905	NA
5.291763958450154	-0.04288547828604104	NA	NA	NA	201.23160811198125	NA	NA
-1.8799248366395673	-3.3042175059001577	15.2783464031058	NA	NA	NA	NA	NA
-1.6742849378625593	2.8381899113972056	NA	NA	75.47313227829035	NA	NA	NA
-3.2632592349092207	-2.7847303633372915	19.296992735901057	NA	NA	NA	NA	NA
-0.12146759319703204	1.8398077006656992	NA	23.93191744855814	NA	NA	NA	NA
-1.723208668712779	1.3663322444279062	NA	NA	72.71949459075557	NA	NA	NA
-2.6011576085130415	-0.2922265414874685	27.681775218285647	NA	NA	NA	NA	NA
-0.7660066365043364	2.5088835473377573	NA	NA	72.27398280745662	NA	NA	NA
-0.6566226809064589	2.700486015828358	NA	NA	72.98041738995028	NA	NA	NA
0.09170716714461224	-1.889337349383129	NA	10.477228919849146	NA	NA	NA	NA
4.972012695785359	2.2795680280048716	NA	NA	NA	NA	37.38480187984669	NA
-0.1647489099542342	3.258920263798939	NA	NA	70.40336985643694	NA	NA	NA
-1.3708127169648847	3.128324102910267	NA	NA	75.4607935348639	NA	NA	NA
4.222603497024373	3.3690787072498667	NA	NA	NA	NA	0	NA
-2.0654403595964155	-2.903139520136608	16.031695692047283	NA	NA	NA	NA	NA
-1.5538952379266462	2.8453312630970347	NA	NA	82.54964633516896	NA	NA	NA
-2.5820331006089887	0.3657791133243906	NA	NA	NA	NA	NA	808.5775962902588
5.059825119491414	2.253558229954945	NA	NA	NA	NA	38.80788732504425	NA
-2.7205460696260175	-1.5281858925502432	23.93608108966244	NA	NA	NA	NA	NA
-0.9394024788181029	2.920368265660511	NA	NA	65.6067071689054	NA	NA	NA
-0.5800626008550368	1.7978356595356333	NA	NA	116.1517433931427	NA	NA	NA
-0.14836389112870318	1.8344712968189585	NA	NA	75.53211052720083	NA	NA	NA
-3.0532205729524335	-0.17439784452129725	22.48233672112731	NA	NA	NA	NA	NA
-2.2652043728868207	-0.5385740880649221	30.068665014695814	NA	NA	NA	NA	NA
-1.83667278576295	0.5708884115536081	NA	NA	NA	NA	NA	556.1650287537188
-1.2998918323556623	3.1277149434406626	NA	NA	75.42899765378974	NA	NA	NA
-2.340887132171794	-1.970899391619457	24.255416235918148	NA	NA	NA	NA	NA
0.3430604309995927	3.054922413380848	NA	NA	69.24842693736	NA	NA	NA
-1.5506311683694562	3.577188562901722	NA	NA	85.30147549946763	NA	NA	NA
-2.4442457585374555	-0.7714314942042959	28.945209021541714	NA	NA	NA	NA	NA
0.8804493517835893	-2.8731064085643423	6.107120994575942	6.3915250324554345	NA	NA	NA	NA
-3.0234704642335615	-1.2903932814281118	23.640334359051142	NA	NA	NA	NA	NA
0.48212367009718793	-3.010373759714855	4.746667086477216	5.3361806912661365	NA	NA	NA	NA
-0.706690344099208	2.6809445138294565	NA	NA	72.57425903483356	NA	NA	NA
1.0553569169004717	-2.4298857931773794	6.24560689498706	9.430948775259287	NA	NA	NA	NA
-0.3451089887658797	-3.301919627634777	10.78292746826786	NA	NA	NA	NA	NA
-0.1472916035691939	-3.059589076487316	11.147440287156979	NA	NA	NA	NA	NA
-0.2658143668214522	3.1499367471058237	NA	NA	72.07418478097665	NA	NA	NA
-3.031798425201579	-0.17811510309387568	22.065509895155166	NA	NA	NA	NA	NA
0.1589820952375688	3.0662499184925425	NA	NA	70.1617574058459	NA	NA	NA
-2.1610441832582197	-2.626462388483776	15.132982375906227	NA	NA	NA	NA	NA
-0.021495225910349913	2.82445580914806	NA	NA	68.77213875313892	NA	NA	NA
-1.5435335664788923	-2.724875140635265	15.837498188315601	NA	NA	NA	NA	NA
0.6803863615949907	-2.8840116743724478	6.879615038565859	6.916584653038809	NA	NA	NA	NA
-0.23805612612168414	-1.70345048948933	NA	21.429806019227755	NA	NA	NA	NA
1.4664441914518633	-2.7245609049480093	0	0	NA	NA	NA	NA
-0.2652008562127791	-2.2655796293895376	10.158214496587933	NA	NA	NA	NA	NA
-0.7534207134286605	-2.6192640547435415	13.096061324246547	NA	NA	NA	NA	NA
-1.6235781340638837	3.1990266557056772	NA	NA	79.28098654915283	NA	NA	NA
-0.16672754574219806	-3.099188971964611	10.630171918974181	NA	NA	NA	NA	NA
0.2892364830930986	3.133260559590565	NA	NA	68.10506863751405	NA	NA	NA
5.441096004958943	-0.11803570732284906	NA	NA	NA	199.31939808164265	NA	NA
-2.2332714228669843	-3.4959422831218374	16.31227723232267	NA	NA	NA	NA	NA
-1.5622645049134931	1.9085733409244883	NA	NA	NA	NA	NA	559.5577047063839
-0.16532600212494952	-1.6770027165095938	NA	10.443222894348638	NA	NA	NA	NA
1.038387236114339	-2.1222361807506216	5.18595270919175	10.956504074467986	NA	NA	NA	NA
0.765499529357747	-2.87777488276173	7.178454024043232	7.157229715127607	NA	NA	NA	NA
-1.376632365469142	-2.72793619677235	14.32926432036329	NA	NA	NA	NA	NA
0.3981690974195756	-2.8552591089885366	8.269334574091964	7.407169693353898	NA	NA	NA	NA
-1.3902730970422468	1.8146802897770273	NA	NA	72.80822049047086	NA	NA	NA
-2.7500606207887373	-3.220600295511974	18.23516178701187	NA	NA	NA	NA	NA
0.3079851241071977	2.2269044633228647	NA	NA	64.81074838198747	NA	NA	NA
-0.7892216472665511	3.2698870416004526	NA	NA	73.2861373413899	NA	NA	NA
-0.04116583156983478	-2.774021792856945	11.676078834835115	NA	NA	NA	NA	NA
-3.4128611712495527	-2.8807195906322134	19.229625607144197	NA	NA	NA	NA	NA
-3.408364120010539	-2.90192358538319	18.4855550354802	NA	NA	NA	NA	NA
-2.26367599058549	-3.0081545595805776	16.340794209852415	NA	NA	NA	NA	NA
0.8718635411222734	-2.727778363672985	5.675220757793661	5.502933436314062	NA	NA	NA	NA
0.028755125518635682	2.029118608983265	NA	NA	69.62768896632255	NA	NA	NA
-1.4097811012307844	-2.5322624926250112	15.334074268406798	NA	NA	NA	NA	NA
-1.8275043993035993	-3.4702822451274526	15.11456038197151	NA	NA	NA	NA	NA
1.3452686638792315	-2.212139296976818	3.9785216732113575	3.618911290596916	NA	NA	NA	NA
-1.060677613202735	-3.1357676272075308	13.749942399310173	NA	NA	NA	NA	NA
0.17000096749861615	-2.5671278719585073	NA	11.597500044209646	NA	NA	NA	NA
-1.6264250903169355	3.2149270291645395	NA	NA	76.42170805543168	NA	NA	NA
-1.171807604912921	2.85503704503368	NA	NA	72.73355564180588	NA	NA	NA
-1.7693641810456953	-2.655857968775524	14.626045762851776	NA	NA	NA	NA	NA
-2.2873715786973676	-2.414699244944347	17.063571720882106	NA	NA	NA	NA	NA
3.5716292233427325	3.0207455869037974	NA	NA	NA	NA	26.28654156776636	NA
-1.7350411443750104	2.0855067487079966	25.791283431151374	NA	NA	NA	NA	NA
-0.4713931708375655	-1.956113267390026	NA	18.691572799626794	NA	NA	NA	NA
0.2688114018400468	2.69980342343639	NA	NA	70.40336985643694	NA	NA	NA
1.453947481628255	-2.71792380854298	0	0	NA	NA	NA	NA
-0.2777951984445296	-3.0200120691936148	11.531066325794193	NA	NA	NA	NA	NA
0.7451892466505327	-2.84814899012257	6.992994015455508	6.551402205286977	NA	NA	NA	NA
-2.5430189995805463	-0.7741783742587698	27.39291401390166	NA	NA	NA	NA	NA
-0.9026610954443656	1.2315289492924082	NA	NA	NA	NA	NA	415.69040489974986
-2.6375030903856	-0.4187926833312643	27.72162545646663	NA	NA	NA	NA	NA
0.7368972868879594	-2.9848338846843374	7.330720884365176	6.584901555428002	NA	NA	NA	NA
-0.8560153572599135	3.2482314820606577	NA	NA	72.50485922723901	NA	NA	NA
-1.7635509400407514	2.900005173238026	NA	NA	75.45040085015138	NA	NA	NA
-0.3326144247094832	-2.338172603098644	10.314553643226587	NA	NA	NA	NA	NA
-0.9096217258612357	-2.8750716929118765	12.381414428333096	NA	NA	NA	NA	NA
-2.8847630648652753	-2.017798591105236	20.314197535639615	NA	NA	NA	NA	NA
-0.42888158846299274	-3.3358804468791616	11.484336096926143	6.584901555428002	NA	NA	NA	NA
-2.0708462624589643	-3.29702799364735	16.260962112503993	NA	NA	NA	NA	NA
0.21712737989027875	-2.8383428339641226	9.714947237805136	8.8584154316524355	NA	NA	NA	NA
4.258926567550496	3.3209443803150522	NA	NA	NA	NA	18.09066589368746	NA
4.768981155868367	2.540588688405262	NA	NA	NA	NA	35.53901149996731	NA
-1.8802262573281965	3.2141633744556772	NA	NA	131.44627390022404	NA	NA	NA
-1.742034020904704	3.014791082890736	NA	NA	76.27573752098667	NA	NA	NA
-0.3787774472276412	-2.7273029570262564	10.285006467220486	NA	NA	NA	NA	NA
-1.949116232875987	-3.1401211504619253	15.758028015530547	NA	NA	NA	NA	NA
-0.10157734442154986	3.3568669076282847	10.62702062729261	NA	NA	NA	NA	NA
-2.4329417376558027	-0.10761246427704217	NA	NA	NA	NA	NA	564.3153017886435
0.3524525732954301	-1.3722770695369375	NA	15.400105610179303	NA	NA	NA	NA
0.025008258338765077	1.9488096947986948	NA	NA	70.09182146479397	NA	NA	NA
0.16454273175795453	-3.06643717333485	10.552904145796417	7.004172397752595	NA	NA	NA	NA
-1.9465800552407941	2.7446630711872446	NA	NA	79.74966060728363	NA	NA	NA
-0.38892388630311114	-2.4822284464519155	11.737281547207814	NA	NA	NA	NA	NA
0.40937822770674603	1.4266579861957895	NA	NA	65.16996339773819	NA	NA	NA
-1.374903860572978	-0.69863270565678	NA	25.539296120394976	NA	NA	NA	NA
-0.4624674944917403	-1.451652098147167	NA	21.107368505838817	NA	NA	NA	NA
-0.805662470940753	-1.3630893711726797	NA	23.469061029488753	NA	NA	NA	NA
4.875503715987996	2.400552820714222	NA	NA	NA	NA	38.16323383295226	NA
-1.7541494398156843	-2.2013165239970816	15.455283013991046	NA	NA	NA	NA	NA
-1.5627786545793256	-1.0354822163264883	NA	25.115942319188267	NA	NA	NA	NA
-1.5164388446847639	-2.0827175860088003	NA	24.64990413959692	NA	NA	NA	NA
0.48373228025038617	1.8099779601414072	NA	NA	66.91887609264865	NA	NA	NA
-2.0462647109071455	2.7070019955952036	NA	NA	96.69346661488439	NA	NA	NA
-1.890539470199748	-0.3089426939170492	NA	21.519686210943707	NA	NA	NA	NA
4.3752180905302325	3.041436028035389	NA	NA	NA	NA	20.840828506684215	NA
-0.47926682520310504	3.2839158292133677	NA	NA	71.62996198555426	NA	NA	NA
-2.0952772526780805	-2.692927766291393	15.539515856449889	NA	NA	NA	NA	NA
-2.9547795681993207	-3.027557063547863	19.14529436547486	NA	NA	NA	NA	NA
-1.511783125881358	3.414475273640858	NA	NA	77.69535699504195	NA	NA	NA
4.41475885819991	2.611032318623768	NA	NA	NA	NA	30.04329786235481	NA
0.7153900237043657	-1.5933282856624258	NA	15.148490676171573	NA	NA	NA	NA
-1.1675214945117673	-1.0797424797694815	NA	23.671975018508917	NA	NA	NA	NA
1.234723505493001	-2.6181794886272085	3.3630468299800063	3.1736101279243694	NA	NA	NA	NA
-2.518343391899272	-0.1610259447972906	NA	NA	NA	NA	NA	563.2151650326285
0.14070909928877728	-3.0180823092143667	11.361299291437163	6.898200347052693	NA	NA	NA	NA
-1.8509075670282087	-2.1119136099498403	16.181995410750496	NA	NA	NA	NA	NA
-1.5477663307229719	3.5136159177143442	NA	NA	94.38111265539935	NA	NA	NA
-2.2574173836747846	-3.4147848372142446	17.324884145091453	NA	NA	NA	NA	NA
4.044277843948201	3.250753235371815	NA	NA	NA	NA	17.655931494267453	NA
-0.051436307911082335	3.045982908757435	NA	NA	71.78166836994863	NA	NA	NA
0.24992841195662396	-1.659889984576	NA	11.067530451632791	NA	NA	NA	NA
-0.5258933334390364	2.7764719243366587	NA	NA	71.38177232399312	NA	NA	NA
-1.2743667094747266	2.9395428414661753	NA	NA	73.98387598555982	NA	NA	NA
1.179233250137166	-2.8136164431254995	2.4632178250766583	2.849256631391748	NA	NA	NA	NA
-0.3585801153222762	-2.4137188677470816	10.78292746826786	NA	NA	NA	NA	NA
-2.371785464767619	-0.8781446699779165	28.009169672076332	NA	NA	NA	NA	NA
-2.3968617348710737	-2.5962535624187124	17.11528431359615	NA	NA	NA	NA	NA
-1.5940946965257368	3.134129118474232	NA	NA	77.28960676917292	NA	NA	NA
0.1150914998014726	2.48894817784618	NA	NA	67.29812406194056	NA	NA	NA
-0.616087499145671	-3.3269249682109487	12.378246096883386	NA	NA	NA	NA	NA
4.26417463731368	3.250285934956776	NA	NA	NA	NA	14.09674186834128	NA
-0.8201180129090987	3.499856781514393	NA	NA	73.25144898848254	NA	NA	NA
5.145773109908895	-0.13822554394413356	1.0373707990295158	1.0097908506816544	NA	NA	NA	NA
-0.29952556181351764	2.427081894429432	NA	NA	68.29072543072144	NA	NA	NA
-1.449213388446971	2.450937103780018	NA	NA	75.68724174008754	NA	NA	NA
0.627846416946248	1.7502959485370981	NA	NA	67.56199700918071	NA	NA	NA
-1.797850969318553	-2.0752274279277456	15.895958683563453	NA	NA	NA	NA	NA
-1.1545673935453138	-3.0027176623027456	14.047273617851154	NA	NA	NA	NA	NA
-1.294882538799449	2.642887663396107	NA	NA	72.97995284212391	NA	NA	NA
-1.7326899795572004	2.7830777879078257	NA	NA	79.37560761595634	NA	NA	NA
-1.334738495830699	-2.860551524607433	13.753415032455626	NA	NA	NA	NA	NA
-2.4790633349458417	-0.8328684453647268	30.068665014695814	NA	NA	NA	NA	NA
-0.8017919241229735	-2.8478097204845083	12.136524941163069	NA	NA	NA	NA	NA
-0.05246293831269366	-2.73208134218861	9.998999345085142	NA	NA	NA	NA	NA
0.4135579438169755	-1.4022543911616934	NA	15.148490676171573	NA	NA	NA	NA
-2.225142422203227	-2.2902590517680776	16.067287457897812	NA	NA	NA	NA	NA
-0.9154227926174842	-3.4257380251567495	14.29033443320357	NA	NA	NA	NA	NA
-1.8650069265405378	-2.418900657145275	15.591192025834623	NA	NA	NA	NA	NA
-1.2424150286952695	-2.445845294443859	13.850184776729117	NA	NA	NA	NA	NA
0.07464903306563275	-2.7883073572795523	9.51660042568809	7.992360485269931	NA	NA	NA	NA
-1.0877320124546728	3.518775295766102	NA	NA	77.63462294942103	NA	NA	NA
4.26557844590743	3.3425589318592417	NA	NA	NA	NA	7.498755155866574	NA
-2.420039835457011	-0.7520809654872549	30.068665014695814	NA	NA	NA	NA	NA
-1.7192285089532575	-3.40416591211964	14.74552081536624	NA	NA	NA	NA	NA
0.7816296191175737	-1.8933078531901968	NA	10.108317668255163	NA	NA	NA	NA
-3.342671933654948	-2.6536757235210073	20.206971428954077	NA	NA	NA	NA	NA
-0.5101709692517958	-3.0895990614574087	12.137967467898717	NA	NA	NA	NA	NA
0.3779434533079423	-1.7850746397655142	9.074098741081418	8.804718808358984	NA	NA	NA	NA
0.2645612330396928	-3.1313251738231314	9.760476430130339	7.181114102023269	NA	NA	NA	NA
5.905574020858602	-0.2794313018005026	NA	NA	NA	431.68531908633173	NA	NA
5.767524418350057	0.26287856355498906	NA	NA	NA	191.62548768383442	NA	NA
-0.3720520763436995	3.4295011277515757	NA	NA	72.55640009856323	NA	NA	NA
0.4489176840742387	-2.799811530558361	8.56158539336981	8.05140946702106	NA	NA	NA	NA
-0.2189762024919234	-1.8316369537990225	NA	8.959110526622718	NA	NA	NA	NA
-2.3871664433519086	-2.3441385512035025	18.631592035740738	NA	NA	NA	NA	NA
4.1981646389921465	3.3068853135425913	NA	NA	NA	NA	20.712857144749872	NA
1.4366821618040362	-2.6894592528026235	0	0	NA	NA	NA	NA
0.06569665383894818	2.775919031651722	NA	NA	70.40336985643694	NA	NA	NA
-2.6185322432557783	-2.644386220423473	19.81294273049732	NA	NA	NA	NA	NA
0.08726781320174115	-2.932875562159313	10.23593217897402	7.562948814302119	NA	NA	NA	NA
-0.8317040680686675	-3.3142756704967153	13.68342457542104	NA	NA	NA	NA	NA
-0.5180283217469893	-2.4132394079845083	11.610142579756038	NA	NA	NA	NA	NA
-0.8361698715726577	2.9573755975086558	NA	NA	71.58180244982972	NA	NA	NA
3.6890518040617266	2.8634186501819956	NA	NA	NA	NA	24.41954237223826	NA
-1.9750999240915021	-0.7938995246570242	NA	28.4187930557137	NA	NA	NA	NA
0.15012067269881146	-1.2640232329051626	NA	17.873652813643567	NA	NA	NA	NA
-2.441207113746806	-0.21501957222629908	27.19933504063247	NA	NA	NA	NA	NA
-0.007039132599040099	-1.1057631258647573	NA	16.65419391407474	NA	NA	NA	NA
-1.0426429017225942	2.34882743314098	NA	NA	NA	NA	NA	672.0473330836252
-1.9166962533036909	2.8460417504627573	NA	NA	80.12614021599308	NA	NA	NA
-0.5595416455308638	-3.3961076025645864	12.222174656399382	NA	NA	NA	NA	NA
4.651621994491414	2.2377215142567026	NA	NA	NA	NA	36.75929273326346	NA
6.247941669936971	0.0641349557061064	NA	NA	NA	186.1125265484906	NA	NA
-3.164010110382243	-2.2384609465282095	19.824919880770878	NA	NA	NA	NA	NA
-0.847889187816783	-3.433549809901012	14.030009689492763	NA	NA	NA	NA	NA
-0.230416419986888	-1.7112594132106436	NA	21.168491856998422	NA	NA	NA	NA
-1.5902168779412946	-0.7547264580409658	NA	22.298892129009456	NA	NA	NA	NA
-1.7678923635522565	-3.5920380835216177	14.830507636120071	NA	NA	NA	NA	NA
-0.520450565103694	-1.41383605047871	NA	21.189362783344762	NA	NA	NA	NA
-1.1642518221179685	3.5675457234699595	NA	NA	80.31272035084365	NA	NA	NA
-1.5418624906579694	2.224404644520985	NA	NA	74.32548770634236	NA	NA	NA
-2.354112568382426	-0.8209048394839895	27.589065479321917	NA	NA	NA	NA	NA
-1.944155934337779	3.056767057927357	NA	NA	83.98624085996519	NA	NA	NA
-0.8178442000190459	2.11048252538036	NA	NA	71.97954216101577	NA	NA	NA
-3.0805574088136396	-1.8529286865871084	21.82134278754679	NA	NA	NA	NA	NA
-1.60250610399644	3.2574568505604136	NA	NA	78.25892645368435	NA	NA	NA
-0.9524959987739764	3.0051356072742808	NA	NA	72.71949459075557	NA	NA	NA
5.490598854537801	0.08467881784032462	NA	NA	NA	197.59928466146368	NA	NA
-2.0276293187181196	0.41435189202617284	NA	NA	NA	NA	NA	557.7049050117624
-1.4469126789609632	-1.055667925326122	NA	24.47868259490561	NA	NA	NA	NA
-1.1303378074208936	-0.8679370169322622	NA	22.616215461284707	NA	NA	NA	NA
0.34527283620436566	1.7275346036274302	NA	NA	68.67591389956763	NA	NA	NA
0.9013567538221635	-1.9264368300120962	NA	12.230843254350821	NA	NA	NA	NA
0.3540957541425981	-1.6503491882960928	NA	12.647018253842505	NA	NA	NA	NA
-2.1271479754487714	-1.9410609488170278	NA	30.536386524052435	NA	NA	NA	NA
-1.444377395395442	-0.999972033945812	NA	25.366474005400907	NA	NA	NA	NA
-0.6519252984563552	1.957768272908436	NA	NA	70.4487612212949	NA	NA	NA
-1.48229930091302	-1.4803324227016104	11.944107625419889	NA	NA	NA	NA	NA
-2.068550649170085	-2.1544548754375112	17.836647124469994	NA	NA	NA	NA	NA
0.15681451272566693	2.468116116078602	NA	NA	67.33033239407332	NA	NA	NA
0.5056801409681596	-2.899627852885021	9.145082954212242	7.318709411574252	NA	NA	NA	NA
0.23441236924727338	2.6983421559650766	NA	NA	69.08762170373214	NA	NA	NA
-2.358419600013896	-3.0170468573253286	17.526563253193824	NA	NA	NA	NA	NA
0.19110864114363568	1.762559246571766	NA	NA	68.05820571225902	NA	NA	NA
3.4077917904814043	3.1469193215687143	NA	NA	NA	NA	26.07891054021271	NA
-3.2091138987580976	-2.0717312578838003	20.767417127159565	NA	NA	NA	NA	NA
-0.14218563127915484	2.9777489419300425	NA	NA	69.2521747961714	NA	NA	NA
-0.19157100010315997	-1.3223941807429922	NA	17.928535665701528	NA	NA	NA	NA
-1.464020493511363	-1.9746094231288565	NA	24.713482245751383	NA	NA	NA	NA
3.531161961074666	2.7253947968799936	NA	NA	NA	NA	23.92440560889548	NA
0.24167078446944135	-1.4440832619350088	NA	15.826718177670113	NA	NA	NA	NA
-2.0368390708009443	2.595343660863148	NA	NA	84.8333749795467	NA	NA	NA
3.259567436691121	3.1028564687092173	NA	NA	NA	NA	28.239131002515443	NA
-0.21401244688431842	-1.6187893633525503	NA	16.671243520866	NA	NA	NA	NA
-2.93199247408311	-1.1434193138759268	NA	50.21622482390787	NA	NA	NA	NA
-1.8172057895700178	-3.5490977053325308	14.778001433318991	NA	NA	NA	NA	NA
-0.711528423313304	3.4030743356068003	NA	NA	72.5065057895771	NA	NA	NA
-1.1060635625163755	-1.1940026764552725	NA	24.210234784784376	NA	NA	NA	NA
3.6776139111479083	3.0054727311451304	NA	NA	NA	NA	25.89500438185305	NA
-1.4407397835294447	3.2552409882862436	NA	NA	75.47758041862126	NA	NA	NA
-2.80127364683549	-2.5616840605418814	19.057123437639653	NA	NA	NA	NA	NA
-2.480598154548808	-1.0232962851207388	28.226183233769394	NA	NA	NA	NA	NA
-1.6616463093797407	3.175738405736195	NA	NA	81.72110240629857	NA	NA	NA
-1.9434242277185163	1.7249712462742197	NA	NA	NA	NA	NA	561.9914064211631
3.8958403439482012	3.148206781895863	NA	NA	NA	NA	23.641809861993018	NA
-0.17870521831910235	1.8848601098377573	NA	NA	70.01816786621367	NA	NA	NA
-0.3622911601106368	-3.1100942377727163	12.014102549407145	NA	NA	NA	NA	NA
-0.14726394701401813	-1.837854195086254	NA	21.99091462873428	NA	NA	NA	NA
5.3794600338896075	1.6001995320637095	NA	NA	NA	NA	43.1738751943022	NA
-1.0007001469622097	3.301482510121571	NA	NA	74.1849432706743	NA	NA	NA
-0.39499736118714435	-3.4091617350261343	11.301503278082567	NA	NA	NA	NA	NA
-1.5353158741037092	3.51390631154369	NA	NA	81.24327500992815	NA	NA	NA
4.510490593429402	2.598118376286732	NA	NA	NA	NA	32.86397187721174	NA
3.5447413296659747	3.135469269307362	NA	NA	NA	NA	28.630524445128952	NA
-1.8042575745622358	3.2475314851124155	NA	NA	92.422150570405	NA	NA	NA
-0.673341783765956	2.4246767278034556	NA	NA	71.56932865273565	NA	NA	NA
4.099044975753621	3.2052787061054575	NA	NA	NA	NA	19.978223304373856	NA
-0.7876201002637587	3.3186228986103403	NA	NA	72.27592135354419	NA	NA	NA
0.6418655486067094	1.7320910210926401	NA	NA	67.29263127843176	NA	NA	NA
-1.1613265155593595	-2.038313794581188	NA	24.7752890455496	NA	NA	NA	NA
-0.05842674065034015	2.242191862614857	NA	NA	68.25957368706406	NA	NA	NA
-0.047616186622782775	-1.9473459009807241	NA	11.152058208207508	NA	NA	NA	NA
0.24729519795973676	-1.4403118376414907	NA	12.151763320678228	NA	NA	NA	NA
0.6955999703367509	1.7541124339420664	NA	NA	67.93371985444811	NA	NA	NA
0.6684820027311601	1.7213513369877207	NA	NA	69.25376799674173	NA	NA	NA
-0.4196937112848006	-0.18777498945404414	NA	NA	70.13536502465412	NA	NA	NA
-0.020044746879740782	-1.1099014763515127	NA	17.663521175991363	NA	NA	NA	NA
0.19202989053328412	2.094710421117054	NA	NA	69.25376799674173	NA	NA	NA
-0.33480048466126544	1.9641894812900889	NA	NA	80.7696983055494	NA	NA	NA
4.599907097335652	2.191819262059437	NA	NA	NA	NA	34.71524850576176	NA
-1.8385964660684309	1.872767281087147	NA	NA	NA	NA	NA	564.92106737923325
4.729126152511434	2.160238575490223	NA	NA	NA	NA	38.313337140088386	NA
-0.7122303872148238	2.517916512044178	NA	NA	71.34230820308923	NA	NA	NA
0.10747950982649701	2.4454563374836313	NA	NA	63.78283326488255	NA	NA	NA
0.01160388898451703	2.2408385987598765	NA	NA	65.13237398536677	NA	NA	NA
0.2644048304518022	-1.5956877951305044	NA	12.368361815805281	NA	NA	NA	NA
4.430384811874227	2.599675249608265	NA	NA	NA	NA	31.435202440039845	NA
-0.2214611797372542	2.339641880543934	NA	NA	67.48383614745838	NA	NA	NA
-2.5172196059266767	0.19339567080329534	NA	NA	NA	NA	NA	592.1815444936287
-1.670290651802226	2.425952744038807	NA	NA	78.39706297112463	NA	NA	NA
-0.17119723844925983	-1.537697363344921	NA	20.53313646399568	NA	NA	NA	NA
1.0918812127073565	-2.587482381312145	5.119360782163429	5.144025395793852	NA	NA	NA	NA
-2.480816784385844	0.20439725771735784	NA	NA	NA	NA	NA	575.6300986194575
-2.7918213038484296	-1.9661943201701773	21.84494167174852	NA	NA	NA	NA	NA
0.250645694251851	1.7786222215015757	NA	NA	60.45384004161005	NA	NA	NA
-1.7981510191003522	0.5426326508838999	NA	15.899530700684153	NA	NA	NA	NA
-1.1265056310931882	-2.2084247355144155	NA	24.731084157184608	NA	NA	NA	NA
-0.270177367214366	-2.138587165323986	NA	19.357379832203012	NA	NA	NA	NA
-1.2731945543328962	-2.4520789866130484	13.84180803031518	NA	NA	NA	NA	NA
-0.3701905636827193	3.2820540185291636	NA	NA	72.71949459075557	NA	NA	NA
-0.8686413793603621	2.9605046029407847	NA	NA	72.10017478366572	NA	NA	NA
-2.0917051463166914	-3.5619594340007437	16.71698165046797	NA	NA	NA	NA	NA
-0.06628006983201129	2.1241467709858286	NA	NA	56.85836623379672	NA	NA	NA
-1.7154989867250166	1.4031469340641367	NA	NA	72.9035937101955	NA	NA	NA
-2.4907290368119916	0.27051499143432256	NA	NA	NA	NA	NA	592.2126104938062
-0.004119339470072814	-2.3291291479747427	NA	11.062609858292513	NA	NA	NA	NA
0.40229302358229535	-2.0849758867900503	NA	11.837865067738555	NA	NA	NA	NA
0.2291521401365556	1.9279709573109018	NA	NA	67.65522546808258	NA	NA	NA
-0.5859753816167556	-3.402568746058239	12.275317938352394	NA	NA	NA	NA	NA
-1.8343660264054975	-2.152778554407848	NA	26.660912455860714	NA	NA	NA	NA
-1.980696084980174	2.470360588582264	NA	NA	249.04314887908802	NA	NA	NA
-0.7456303118507109	-1.4727330689113272	NA	22.75608679002191	NA	NA	NA	NA
-2.5246598153154096	-0.7244278673808706	29.836125885697662	NA	NA	NA	NA	NA
3.4433256955107012	3.0863075967151987	NA	NA	NA	NA	29.365276585647656	NA
-1.4731103210488996	2.5315321202595102	NA	NA	73.7610196689992	NA	NA	NA
0.14844447087843793	2.462794136555897	NA	NA	65.18734483970509	NA	NA	NA
-1.4260942070523939	2.719576668294178	NA	NA	73.90859037169179	NA	NA	NA
0.3255510897596635	-1.3624649529140127	NA	15.899530700684153	NA	NA	NA	NA
-1.9411284356157026	2.4260407204944956	NA	NA	75.53487031608043	NA	NA	NA
-0.898581842962905	3.321878265889393	NA	NA	72.86965990939831	NA	NA	NA
-1.0438329121808252	-1.7254750017802847	NA	24.60523817381513	NA	NA	NA	NA
0.28523486566145795	1.7810999865848887	NA	NA	67.85267196073595	NA	NA	NA
-1.4429186015168867	-3.4254700426738394	14.50431896226283	NA	NA	NA	NA	NA
-0.6025848119298659	-1.0259814743678701	NA	19.74198012967179	NA	NA	NA	NA
-0.7160655884782515	3.1859915967304575	NA	NA	71.70110488855806	NA	NA	NA
3.2775575489958086	3.1061616654713022	NA	NA	NA	NA	27.923629877322828	NA
4.571748432632283	2.2930255647022593	NA	NA	NA	NA	33.648948417621895	NA
0.2469736905058183	-1.4795959477107656	NA	14.256477344377295	NA	NA	NA	NA
-1.4385088412801466	2.2873030419666636	NA	NA	NA	NA	NA	348.19407835876336
5.445228275771932	-0.11431420191933038	NA	NA	NA	201.0100878327102	NA	NA
-1.5500322608987531	-1.9838675741832388	14.682478639706474	NA	NA	NA	NA	NA
-1.7650849847833356	-2.1880065684001577	16.157868924699592	NA	NA	NA	NA	NA
-1.3273785142938337	3.4581824059803354	NA	NA	78.7987804977322	NA	NA	NA
-0.5835744767228804	2.8646083588917124	NA	NA	71.8724607971735	NA	NA	NA
-1.58901995706956	2.3282898183185923	NA	NA	74.65163427965079	NA	NA	NA
0.3438045353849687	-1.4059596542995108	NA	15.400105610179303	NA	NA	NA	NA
0.014910635467366151	-1.0754893307368887	NA	16.9065045125459	NA	NA	NA	NA
0.46509796094496625	1.6212239976246225	NA	NA	68.77897474807529	NA	NA	NA
-0.11354238081376178	-1.316625881640209	NA	20.34850036481392	NA	NA	NA	NA
0.7965106339414872	-2.0089899782817495	6.735904810431311	9.570889658596661	NA	NA	NA	NA
-2.2422680287400922	-2.3611647371928823	15.854048988730481	NA	NA	NA	NA	NA
3.6039711804350176	2.7505784745533335	NA	NA	NA	NA	25.151866566522994	NA
-0.053675475601359435	1.9452480788547861	NA	NA	71.3171098006024	NA	NA	NA
-3.123158755783244	-1.6105503325145376	23.089126478615086	NA	NA	NA	NA	NA
5.709343132491902	-0.31086249992061976	NA	NA	NA	319.9076610126873	NA	NA
-2.511351886276408	-2.837562251536144	17.61566209778784	NA	NA	NA	NA	NA
-2.428412023071452	-1.2193106894176138	27.31123795794711	NA	NA	NA	NA	NA
-1.123326796178027	-3.254683661906017	13.815190152166357	NA	NA	NA	NA	NA
-0.4215633301774703	1.4159271235782969	NA	NA	69.46184007699303	NA	NA	NA
-2.5953541426698408	0.3061272318680155	NA	NA	NA	NA	NA	585.3342722603886
3.4410368771513262	3.1838765855152475	NA	NA	NA	NA	27.892560921044115	NA
-1.74594933081071	-2.321542430369152	15.434363041679159	NA	NA	NA	NA	NA
-1.307542565349742	2.6983435864765513	NA	NA	76.3792863166331	NA	NA	NA
3.6339041562040606	2.7429919953663218	NA	NA	NA	NA	27.287691218379823	NA
3.5736576886137286	2.7147532220203745	NA	NA	NA	NA	26.49269355320428	NA
-1.9166857032815656	2.8025010342914927	NA	NA	76.2924382050611	NA	NA	NA
-1.6564732222596845	3.2146690602619516	NA	NA	82.23269792396512	NA	NA	NA
-0.3846297292749129	2.2711828465778696	NA	NA	70.40336985643694	NA	NA	NA
-0.5504576592485152	2.565223049672352	NA	NA	70.40336985643694	NA	NA	NA
-1.4168556659261426	3.289588522465931	NA	NA	75.19008344659598	NA	NA	NA
-0.28396767664353473	3.213760923894154	NA	NA	70.53549577845794	NA	NA	NA
-0.07377898979584796	2.3121727223713266	NA	NA	65.63066386409945	NA	NA	NA
-1.2473713784257612	3.5257158990223276	NA	NA	78.76189454983142	NA	NA	NA
-1.2248512684146604	-2.7882425074260366	13.890719806193074	NA	NA	NA	NA	NA
-0.19320637274186236	3.2874932999927866	NA	NA	70.40336985643694	NA	NA	NA
-0.43292808819214923	2.5708211179096567	NA	NA	NA	NA	NA	424.8259629990467
0.3348156781156816	2.288597893269764	NA	NA	48.31909152525196	NA	NA	NA
-0.22868484545151813	3.257700037511097	NA	NA	71.55751823898869	NA	NA	NA
-0.7367680995504103	3.0732312913257944	NA	NA	73.8204958500387	NA	NA	NA
0.2340705962141313	-1.4968984608333242	NA	12.625774454256746	NA	NA	NA	NA
-1.4692164092103681	-0.6696334366481436	NA	24.47868259490561	NA	NA	NA	NA
-1.3940527169744215	2.830425095113026	NA	NA	77.16079294349302	NA	NA	NA
-0.44896287012498004	-3.204498458353771	12.272039416834398	NA	NA	NA	NA	NA
-0.22074073839585406	-3.332822490183605	10.917875281101711	NA	NA	NA	NA	NA
-2.40830284643571	-0.6372920756023062	29.617644779739706	NA	NA	NA	NA	NA
0.1699480385740556	-1.3710088019054067	NA	12.290817959833587	NA	NA	NA	NA
0.27999168347914594	1.5418613667805063	NA	NA	67.28495483106356	NA	NA	NA
-2.468083801750346	-0.8055374507587088	26.97947761721106	NA	NA	NA	NA	NA
-1.337049695734187	2.684162210973011	NA	NA	76.57048245208634	NA	NA	NA
-0.27734768677155597	-3.268658328501476	10.848830310191625	NA	NA	NA	NA	NA
0.6979655594785966	1.7632151360828745	NA	NA	66.69295061153515	NA	NA	NA
0.25322168778975385	-1.8992212299983633	NA	9.521279458268301	NA	NA	NA	NA
0.2077280850370683	1.4826361651737558	NA	NA	51.82335557108526	NA	NA	NA
-0.03820300388733966	-1.2242119793574942	NA	18.625978071500967	NA	NA	NA	NA
3.3466460080107012	2.612665724309193	NA	NA	67.88937439702885	NA	NA	NA
0.5055342287977495	1.591270756276356	NA	NA	67.68193966241441	NA	NA	NA
4.774190124984578	2.508753847630726	NA	NA	NA	NA	35.94794820185203	NA
-2.4180640606919965	0.22055948928187963	NA	NA	NA	NA	NA	600.002166749034
-1.6493475465814313	1.2830330844242441	NA	NA	NA	NA	NA	567.8521215049548
0.11777251672346967	2.598877262624012	NA	NA	69.33673865965159	NA	NA	NA
5.408075508590535	-0.1265585307757986	NA	NA	NA	201.02365417086673	NA	NA
0.0638532013853349	2.6089962239582407	NA	NA	68.39987704637068	NA	NA	NA
-0.7340006260911666	3.420534920247303	NA	NA	74.50288921208652	NA	NA	NA
-0.036501052860423155	-1.4138917212169302	NA	18.78143928197176	NA	NA	NA	NA
0.25399702500899213	1.7379357333500254	NA	NA	68.14661525349085	NA	NA	NA
3.8854529232939043	3.1461215730030405	NA	NA	NA	NA	23.584032013825176	NA
5.507402595992879	-0.056811246721042416	NA	NA	NA	204.71752379879416	NA	NA
0.26326077889998334	2.2887237782795298	NA	NA	67.81401833390672	NA	NA	NA
0.0012221903761185926	2.7531512494404184	NA	NA	68.12266552883716	NA	NA	NA
4.663653072830037	2.141469549687611	NA	NA	NA	NA	36.5385350948035	NA
-1.7430106430093488	1.7148594374973642	NA	NA	73.15057038934651	NA	NA	NA
-1.2325764774123869	2.8770688290912974	NA	NA	NA	NA	NA	451.55565096672035
-2.8811903624574384	-1.0322735790889395	NA	NA	NA	NA	NA	675.6084623052702
4.310914692397908	2.709235500844227	NA	NA	NA	NA	28.416841734094852	NA
-1.8709160118142805	1.7235568280536997	NA	NA	NA	NA	NA	562.408092971193
1.503740725036458	-2.35649745508839	0.8811044891861176	0.8659520970913068	NA	NA	NA	NA
-1.2805471448938093	3.5541809315998423	NA	NA	81.24327500992815	NA	NA	NA
-1.2659582226316175	-0.8794230107944143	NA	25.101513127400363	NA	NA	NA	NA
-2.56559044409196	0.30066977098773595	NA	NA	NA	NA	NA	576.5939421916638
0.1086917490919389	2.565990995915638	NA	NA	68.44693422319106	NA	NA	NA
-1.3824014692346296	2.4458251710255015	NA	NA	77.60440050571204	NA	NA	NA
-1.231429356221362	-1.5787194256465567	NA	24.768132145311185	NA	NA	NA	NA
-2.6671623616258344	-0.4138769392650259	NA	NA	NA	NA	NA	561.4207275315721
0.28323107671339887	1.7659496779758799	NA	NA	68.35579846772016	NA	NA	NA
-2.414372148994609	0.3965129967052805	NA	NA	NA	NA	NA	355.5548990084855
-0.7743062405626021	2.6736558194477427	NA	NA	72.54918545392063	NA	NA	NA
-0.747715118412181	-1.4802653078715933	NA	22.03297756567537	NA	NA	NA	NA
-0.03539604235093219	2.183757614644276	NA	NA	0	NA	NA	NA
0.24276560258467572	-2.593977618662609	9.380726330914682	9.64217513242501	NA	NA	NA	NA
-1.9274734883348188	0.4653374667484629	NA	NA	NA	NA	NA	555.1798207848752
0.16082876634199994	1.4284624572117197	NA	NA	65.71690702900682	NA	NA	NA
-0.9890200533683143	-2.701322007624401	12.86626771861396	7.318709411574252	NA	NA	NA	NA
0.9612191290815629	-2.0068682913463247	5.820758618944636	12.216530022156128	NA	NA	NA	NA
5.345936951156453	-0.13067600473572138	NA	NA	NA	200.99776611881595	NA	NA
5.282211002822713	1.3944997306187021	NA	NA	NA	200.51827824997625	NA	NA
-2.3794139056245527	0.0787051583845484	NA	NA	NA	NA	NA	567.8521215049548
-1.7136254339257917	2.329515051396595	NA	NA	NA	NA	NA	565.1874572709539
-0.21646184015671832	-3.438112903086437	9.226982704973185	8.213034232228232	NA	NA	NA	NA
-1.3494703798333845	-2.679440665690197	14.23899659797995	NA	NA	NA	NA	NA
-2.4587429194490156	0.1682832057793009	NA	NA	NA	NA	NA	571.4776157481168
-0.9784925943950854	-2.694692779032482	11.024878907407274	NA	NA	NA	NA	NA
-2.9220753340760908	-1.666839766947521	23.75433434530849	NA	NA	NA	NA	NA
-2.726304951194926	0.06293523714135764	NA	NA	NA	NA	NA	555.9238285255791
-2.3902421622316083	0.11673823401521323	NA	NA	NA	NA	NA	571.3488370843097
0.6299558253248491	-1.358687568156017	NA	NA	NA	NA	NA	525.4279027018923
0.033186730857685975	2.060478281529652	NA	NA	68.71092019719626	NA	NA	NA
-1.8439300684968671	2.588117908986317	NA	NA	76.81203033428808	NA	NA	NA
3.646590885635213	2.8138955350239145	NA	NA	NA	NA	25.843067470417168	NA
3.7124797673185626	2.8926406617481577	NA	NA	NA	NA	24.260013823001565	NA
0.3412042231519975	-2.5477115397136343	9.074098741081418	8.723186816253056	NA	NA	NA	NA
-2.0993432431260786	-0.3412338976543081	NA	NA	NA	NA	NA	564.865862126379
0.10228293847639935	2.7309551949818003	NA	NA	69.25376799674173	NA	NA	NA
-2.7656900315324506	-1.4603674893062246	24.403234414101863	NA	NA	NA	NA	NA
0.037016806121663026	2.504411053212391	NA	NA	68.91275579319743	NA	NA	NA
0.3604488940199174	-1.614335227457775	NA	14.39246681221392	NA	NA	NA	NA
-1.290719541792079	3.4839437718708384	NA	NA	80.6247848065519	NA	NA	NA
-1.491609546426936	2.403104614766346	NA	NA	82.10368791948001	NA	NA	NA
-1.3252185313741407	2.720858406575428	NA	NA	NA	NA	NA	506.16780620515857
-1.356934997324153	-1.02910225435902	NA	24.530189750854934	NA	NA	NA	NA
-0.6820253162423812	2.6192777867634165	NA	NA	72.15910713044487	NA	NA	NA
-0.2683650879899703	-1.4436687712352407	NA	18.73117484997091	NA	NA	NA	NA
-2.4370396761934003	-0.7123112563769949	28.442849956768676	NA	NA	NA	NA	NA
-0.9741427312384091	-1.2155502323787344	NA	22.976313116587075	NA	NA	NA	NA
-1.941463234905406	1.5896775241215098	NA	NA	NA	NA	NA	570.1091784736606
-0.90123787063758	2.3494065518696177	NA	NA	72.72491664444668	NA	NA	NA
-1.9168784647027692	1.6345524306614267	NA	NA	NA	NA	NA	562.1387382238815
-1.4090169994870863	2.0259998555500376	NA	NA	NA	NA	NA	202.363102889558
-1.9569301633874616	1.7278482432682383	NA	NA	NA	NA	NA	400.7744120662877
-0.6995710163156234	2.0608249421436655	NA	NA	NA	NA	NA	0
-2.1097860961000166	0.24695932522605535	NA	NA	NA	NA	NA	567.8521215049548
0.2223239512403764	1.8358348126728403	NA	NA	64.59124276910327	NA	NA	NA
-0.7927300809661589	3.347628426106678	NA	NA	72.3119143255437	NA	NA	NA
-1.1894331752101621	2.866520237477528	NA	NA	74.57782921572847	NA	NA	NA
0.2139168353040971	1.6937765593845713	NA	NA	65.84309265328706	NA	NA	NA
-0.47231626797120196	3.309739422353016	NA	NA	72.9576060397982	NA	NA	NA
-0.33697063017289264	2.567769836934315	NA	NA	NA	NA	NA	388.84953768647995
-2.5425038962403974	0.2388473416883814	NA	NA	NA	NA	NA	587.1232457735503
0.8654203982313432	-2.8467985872905386	4.550803078735	4.692557886743081	NA	NA	NA	NA
0.38363951158125775	-2.3798929934184683	NA	9.630248089560048	NA	NA	NA	NA
0.3207027287443437	-1.6366422657649649	NA	13.130595821570864	NA	NA	NA	NA
-2.184066834930583	0.9930631037075388	NA	NA	NA	NA	NA	348.19407835876336
-1.455694737915202	2.367321562321888	NA	NA	72.38529978116904	NA	NA	NA
-0.3255655794183455	2.0855012650806772	NA	NA	68.10506863751405	NA	NA	NA
-1.926488402370616	2.4308877702076304	NA	NA	77.48911217269819	NA	NA	NA
-1.1834676443378171	1.804053377660023	NA	NA	NA	NA	NA	555.5683730765587
0.21282046746809857	1.4798426146824228	NA	NA	66.00724503760195	NA	NA	NA
0.2553638787229814	1.5677524323780405	NA	NA	67.3039152282409	NA	NA	NA
-1.2618148057500562	3.6401053185779917	NA	NA	131.44627390022404	NA	NA	NA
-1.1734219818155012	0.6803053136188852	NA	NA	NA	NA	NA	560.7176887796992
-1.6437782673875532	1.3141164298374521	NA	NA	NA	NA	NA	424.82017045428455
-1.2954487829248151	3.211942266972767	NA	NA	75.78467217535739	NA	NA	NA
-1.4809362022916517	3.037978243382679	NA	NA	84.8553991083407	NA	NA	NA
-1.7006047396699628	2.4626332040150034	NA	NA	79.96859606697997	NA	NA	NA
