tool	downsample_percentage	ground_truth_percentile	median_rel_diff_annotated	median_rel_diff_all	mean_rel_diff_annotated	mean_rel_diff_all
Bambu	10	0	0.5961889693480898	0.8442784357081251	0.9803445328562818	1.0860029967554798
Bambu	10	3	0.8365261916715302	1.003446243095337	1.0626760302510114	1.1645180712297747
Bambu	10	6	0.6582625706980713	0.860641704070354	1.0032717262516755	1.1068600096754906
Bambu	10	9	0.6823792152063949	0.8442784357081251	0.9400113224240111	1.048782796380501
Bambu	10	12	0.5944104290819812	0.7142380552628693	0.8029549443663409	0.9321221802952171
Bambu	10	15	0.5657255281739296	0.7053804558830578	0.7970457201696999	0.9444524851089451
Bambu	10	18	0.6197323234548197	0.7244410712452918	0.8077816413355776	0.9457143488269343
Bambu	10	21	0.5140970518907656	0.598184528036872	0.6919172642264175	0.8331963810474127
Bambu	10	24	0.49373516925397404	0.5852493297549513	0.6935411609515818	0.8433764805205152
Bambu	10	27	0.4880014066664251	0.5984969575748483	0.6913118615280882	0.844772032525539
Bambu	10	30	0.44660080644523725	0.5361382629242413	0.6300000354273768	0.794702501925577
Bambu	10	33	0.4274024082533558	0.5209509138907009	0.6058630428353525	0.7794201595604593
Bambu	10	36	0.37881153471006246	0.4527711281127198	0.5762321150472143	0.7305422004772484
Bambu	10	39	0.37589967494360854	0.4311906284137649	0.5395082088955476	0.6952586862513684
Bambu	10	42	0.36389438969830423	0.41767404606238023	0.5260897577220772	0.67825485313456
Bambu	10	45	0.34783033019873116	0.41813296343036405	0.4971859883430277	0.6763746161506214
Bambu	10	48	0.32836277173852946	0.40970964704409285	0.5126280463536735	0.6917503253126879
Bambu	10	51	0.3101303550363915	0.369778462494887	0.4869175506851579	0.6330002254965934
Bambu	10	54	0.2992657773081163	0.3629909608417497	0.46445078834679693	0.6207394903242961
Bambu	10	57	0.28355646798395495	0.34536096486602647	0.4413704384564995	0.5902038347064089
Bambu	10	60	0.24980803357964937	0.2915236989795016	0.4137895103549379	0.5612267267816841
Bambu	10	63	0.22602135387402886	0.264236387118857	0.40322658905726577	0.5376521010097528
Bambu	10	66	0.2118446119826436	0.25118123832901584	0.37234382254876325	0.5223831528187712
Bambu	10	69	0.18193610905588642	0.19989212603686826	0.34685253274942307	0.45212213022378367
Bambu	10	72	0.16960040826553702	0.1959911805211345	0.32362324404098225	0.4581284449995245
Bambu	10	75	0.15195751166225863	0.17065372865528755	0.29757702260658914	0.41621449395513666
Bambu	10	78	0.13711834308003285	0.15267884144001867	0.27325651210038027	0.3916079272849209
Bambu	10	81	0.12504907931335418	0.1350702676779593	0.2661948738753123	0.36813857668600436
Bambu	10	84	0.10973960247274012	0.12075349796704013	0.23045576331300216	0.3506212260760303
Bambu	10	87	0.10098424892888694	0.10965576929624896	0.22848486266602902	0.34445486128498454
Bambu	10	90	0.09386748489950625	0.09928145737193544	0.20010014305081994	0.2969227981172289
Bambu	10	93	0.08344047593392964	0.08763936437431147	0.184269039665828	0.2803219993805693
Bambu	10	99	0.07956246730141894	0.08330388725398633	0.16589910150819182	0.24299991393819675
Bambu	20	0	0.6487230670745113	1.061740113459455	0.9950195725710443	1.2018688497710917
Bambu	20	3	0.8597248587612387	1.5547684786443652	1.0620901916186705	1.2760772752904053
Bambu	20	6	0.6586731844755938	1.0679579660883836	0.9768157303208148	1.1994376968836902
Bambu	20	9	0.6446466561049354	1.0453204730307766	0.9130131566800161	1.18026474036291
Bambu	20	12	0.6115661914442843	0.9457402129872781	0.8112101153649729	1.1213290364531965
Bambu	20	15	0.5257038939389906	0.8166032387765036	0.7305298180604943	1.033515148493186
Bambu	20	18	0.6029694689640271	0.8771057568774971	0.7845238532027512	1.0651613468656738
Bambu	20	21	0.4922270164928949	0.7260530065661266	0.6929626173924136	1.002101840326645
Bambu	20	24	0.5029342547398158	0.8312101967835599	0.7046727593409723	1.0449873206446318
Bambu	20	27	0.5167427600247423	0.8499236409417414	0.7094425495052303	1.046273475611128
Bambu	20	30	0.45423879328168604	0.719849694136439	0.6383220838783042	0.9870499146046262
Bambu	20	33	0.4591525992278619	0.6336002398226008	0.6094624091684268	0.9179515998371238
Bambu	20	36	0.39975639389130624	0.6011696929779288	0.5991615585510135	0.906622994409138
Bambu	20	39	0.39999903828723316	0.5855129173794136	0.5631032637464584	0.9090256350874353
Bambu	20	42	0.38308116746487775	0.5641515392586516	0.5742946391488647	0.8745851101225162
Bambu	20	45	0.3694512670483409	0.5029127865338731	0.5229794950631612	0.8019510652859809
Bambu	20	48	0.3473409613402897	0.5212508802844213	0.5254534657080189	0.8034623710328999
Bambu	20	51	0.34684178882678207	0.49413909911075543	0.5047031693686458	0.8154169653250974
Bambu	20	54	0.31546783027998726	0.4250864163126553	0.4901269322452709	0.7412991442731094
Bambu	20	57	0.3133524138080646	0.4348782362654313	0.4786315088060402	0.7544601107445464
Bambu	20	60	0.25337780284391553	0.36473565574687267	0.43503436493794156	0.7281148970064106
Bambu	20	63	0.23340361913275076	0.31083000921408555	0.41499833602998404	0.6460059925727215
Bambu	20	66	0.21919201934151478	0.2888649048335232	0.3717281464789559	0.6184458949575456
Bambu	20	69	0.1864502953790452	0.2408966998007835	0.3466582862246219	0.5961408100850092
Bambu	20	72	0.19047885782849275	0.2381136776877194	0.3498657611881502	0.5559354708800214
Bambu	20	75	0.1614182628571813	0.20139411287166056	0.30437178664810616	0.5447072754025696
Bambu	20	78	0.15598996841279006	0.19038738644237607	0.2939733996233721	0.506570328227605
Bambu	20	81	0.14024744898161468	0.1602949939310819	0.27100201587059514	0.4600954599494409
Bambu	20	84	0.1269367577533535	0.1443802641951702	0.24368502657518043	0.4367839328692499
Bambu	20	87	0.11154216996434882	0.12669924629150922	0.2130611974618105	0.42436026061000126
Bambu	20	90	0.10640688183538466	0.11756722904374164	0.20421191660143673	0.36803798364754126
Bambu	20	93	0.09861305859771215	0.10609482514636515	0.17956851561347612	0.33296107554858445
Bambu	20	99	0.09467248457999701	0.10207326236244582	0.16984223317388378	0.3429754466196054
Bambu	30	0	0.6179668717926713	1.9319311008231366	0.952663944264963	1.2916536057313794
Bambu	30	3	0.7470179804509829	2.0	1.0194542954944295	1.340078992714879
Bambu	30	6	0.6979936774162178	2.0	0.9989231048249749	1.313291104005084
Bambu	30	9	0.6530154674000838	1.722686166355166	0.9174820326873291	1.281178462395684
Bambu	30	12	0.6242508490452896	1.1057173575928896	0.7974364029281521	1.2071658904186267
Bambu	30	15	0.5611246953295641	1.0578252814352662	0.7691438125284031	1.1624325924144654
Bambu	30	18	0.6133838514273428	1.1542414802573489	0.7760128259035982	1.2035565034953335
Bambu	30	21	0.5382411147922026	1.1118690891890601	0.7078754956163513	1.1725029227358323
Bambu	30	24	0.536801452443275	1.1990506465384314	0.7182110615345915	1.1826131755161569
Bambu	30	27	0.5267472660765459	1.1221038558033265	0.7068363069790368	1.1704890336165557
Bambu	30	30	0.45499802644548726	1.1761403440140938	0.6654656455569006	1.175243234983118
Bambu	30	33	0.47339484369292417	0.9074540299977367	0.6507080273927722	1.0919051311164014
Bambu	30	36	0.40104444889898794	0.8798736420387682	0.5862928075696555	1.058075026761118
Bambu	30	39	0.4133427150670927	1.0471706532585845	0.6008207235179217	1.11079823477247
Bambu	30	42	0.3913701969014125	0.7779509809896548	0.5525272031597007	1.029661707119091
Bambu	30	45	0.3731673697284989	0.7223461287173812	0.5398024560838597	1.0095908105437255
Bambu	30	48	0.3831609435729492	0.7056456485592844	0.5431923912369856	0.9701768408922042
Bambu	30	51	0.3651455859519278	0.6824413544655007	0.5447783503746734	0.9660228787043332
Bambu	30	54	0.3209625123980923	0.55195459602819	0.5015981761113055	0.9092350605204219
Bambu	30	57	0.35213619308861177	0.555097313347952	0.4858591998994689	0.8716986140025734
Bambu	30	60	0.2581832071083849	0.483146520747919	0.42395679724881075	0.8735282093436586
Bambu	30	63	0.2323237072541847	0.44707877510735516	0.41643819918401836	0.815706956019118
Bambu	30	66	0.23112644352228343	0.3843145650109532	0.39276962164903406	0.7849519075921116
Bambu	30	69	0.19589186540927248	0.29671406616876256	0.37448686697619715	0.740625802370944
Bambu	30	72	0.18158250109812726	0.2737485292542621	0.3409445995425279	0.6678390466634662
Bambu	30	75	0.1716168094441566	0.2577204641458477	0.3173935995372454	0.6717828878659814
Bambu	30	78	0.16301356135164624	0.2144892333407437	0.29373125379585385	0.6025292770630813
Bambu	30	81	0.14637275940369138	0.1997934952533852	0.26017012317162175	0.6122578132005002
Bambu	30	84	0.13157010681668435	0.16095843466331627	0.2321700981683528	0.5415160402583927
Bambu	30	87	0.11802709623121416	0.13903990215695605	0.23919557208774525	0.49487722575603205
Bambu	30	90	0.11641720643841186	0.134439500659616	0.20756731704144518	0.476214808832793
Bambu	30	93	0.105257425603617	0.11987187981851888	0.1871830350840639	0.4351217010470974
Bambu	30	99	0.10133916086506886	0.11099922164802906	0.17339511626670484	0.38349169322240406
ESPRESSO	10	0	2.0	2.0	1.5416967691840684	1.5881966428624477
ESPRESSO	10	3	2.0	2.0	1.5513865211405256	1.5989089339196572
ESPRESSO	10	6	2.0	2.0	1.5656863984035336	1.6103892692527406
ESPRESSO	10	9	2.0	2.0	1.4330503425031222	1.4901021334277322
ESPRESSO	10	12	2.0	2.0	1.324766809921355	1.3981984702797683
ESPRESSO	10	15	1.1864975678431502	2.0	1.2159024633027222	1.3101688068078692
ESPRESSO	10	18	1.0683218044375582	1.357190218332308	1.1599071929642641	1.2555115762305973
ESPRESSO	10	21	0.8923780005705192	1.1987504879099946	1.1065620357012536	1.197275629796151
ESPRESSO	10	24	0.8771332990109003	1.1159436514376067	1.071082909859191	1.1715486419448506
ESPRESSO	10	27	0.6479658940696421	0.8144444848798685	0.9433414878353448	1.0639418563980099
ESPRESSO	10	30	0.6235791110600468	0.7522474399728344	0.9061618037293014	1.0316705038859406
ESPRESSO	10	33	0.5426447125280901	0.6553930681446263	0.830424648202248	0.9659660324173173
ESPRESSO	10	36	0.4814189255017347	0.5766572994635963	0.798563564627419	0.906081108276242
ESPRESSO	10	39	0.48919383623346935	0.5464863599720409	0.7629372427398187	0.8695425192693307
ESPRESSO	10	42	0.47699716901440614	0.5754229834281522	0.7614104121325451	0.8679193283661821
ESPRESSO	10	45	0.4553071151300818	0.5239583728476073	0.6979166599605359	0.8084607404368662
ESPRESSO	10	48	0.447576960549804	0.4933194445917458	0.6930438615618676	0.7824385169035969
ESPRESSO	10	51	0.4092754467899441	0.46296517628848444	0.6677745873777793	0.7533487537418015
ESPRESSO	10	54	0.377565279892634	0.43109054933732854	0.615320502373722	0.7000105785746193
ESPRESSO	10	57	0.36642172815615126	0.39265460652854756	0.545368580832777	0.6184771354680941
ESPRESSO	10	60	0.327299368278855	0.3507342441354212	0.5529747193435566	0.6278816979849804
ESPRESSO	10	63	0.3303532816096646	0.3575800208956342	0.5480121307798486	0.6107901084974885
ESPRESSO	10	66	0.31670374478351737	0.34756657317979084	0.5215474740827976	0.582189049805598
ESPRESSO	10	69	0.28712723868314116	0.30602113139900655	0.47679970868587557	0.5191759169491087
ESPRESSO	10	72	0.2794037676687803	0.30062202078153044	0.4481872450509405	0.5115147380891316
ESPRESSO	10	75	0.2706253018737207	0.27551082824419365	0.4459833039857395	0.47586558922833555
ESPRESSO	10	78	0.24806766194227925	0.2593378576500329	0.42036111238375684	0.4586273904418428
ESPRESSO	10	81	0.24660940967278247	0.2516068475608359	0.3996296806751237	0.4190369380779083
ESPRESSO	10	84	0.22151879470988153	0.2258857750317054	0.3486725688455367	0.38765684861113214
ESPRESSO	10	87	0.20050234818768042	0.2034997572050937	0.3313141449421391	0.3643204322301312
ESPRESSO	10	90	0.21024034721238047	0.21253205036158282	0.311814799906657	0.3305937017388209
ESPRESSO	10	93	0.18198682619943424	0.1834408706100959	0.2786569585339032	0.29715569254003654
ESPRESSO	10	99	0.18670103093504062	0.18625990471120912	0.24734402580290046	0.2563390105196418
ESPRESSO	20	0	2.0	2.0	1.557553499476597	1.6482649629111215
ESPRESSO	20	3	2.0	2.0	1.5562278026750076	1.6568069918125885
ESPRESSO	20	6	2.0	2.0	1.5605869746630745	1.656611774761879
ESPRESSO	20	9	2.0	2.0	1.436676626492813	1.574553918076623
ESPRESSO	20	12	2.0	2.0	1.3473665868914038	1.5184969761479719
ESPRESSO	20	15	1.1798462891012422	2.0	1.2067975819386703	1.3943078754748428
ESPRESSO	20	18	1.1348527200012182	2.0	1.1768163896326784	1.3605857768813825
ESPRESSO	20	21	0.8841640572971123	2.0	1.1084043598693105	1.3111902452001138
ESPRESSO	20	24	0.9222049354633302	2.0	1.0796828623183605	1.3102518083164165
ESPRESSO	20	27	0.6876218392054548	1.2261641838693524	0.9587489756760964	1.20294141146368
ESPRESSO	20	30	0.6117000733980578	1.0888059754917836	0.9152517607692178	1.1594646218897517
ESPRESSO	20	33	0.5449694942549024	0.8415365981683673	0.854208668753547	1.0795762388109154
ESPRESSO	20	36	0.5022589907325496	0.7317545610064374	0.8084922538525776	1.0248687474943803
ESPRESSO	20	39	0.5131230909759955	0.7560276127397536	0.7956218987472718	1.0237304041717383
ESPRESSO	20	42	0.5242801748298577	0.6691138385574886	0.8009327047575241	0.9776159095184456
ESPRESSO	20	45	0.4623885256151944	0.5770200725895049	0.7003464704212523	0.8838754921012417
ESPRESSO	20	48	0.45102579042030405	0.5541021548479385	0.6916887636500899	0.8528193841548939
ESPRESSO	20	51	0.4461768126972805	0.557899859609683	0.6892072474604796	0.868339484560098
ESPRESSO	20	54	0.3944453632379515	0.4790476722080581	0.637820908742374	0.7555166241070945
ESPRESSO	20	57	0.3728941068299869	0.44203958175530567	0.5585382930414732	0.7051018840788482
ESPRESSO	20	60	0.3334057789298852	0.4171230122917346	0.5848731354755647	0.7163107164065077
ESPRESSO	20	63	0.3286991147391024	0.38660692088215826	0.5611245058011058	0.6775647528973808
ESPRESSO	20	66	0.3178807337849534	0.37695607368842204	0.5212154193143826	0.6360105574093585
ESPRESSO	20	69	0.29038701887136287	0.33505282397620173	0.4824005085430436	0.5932331817457478
ESPRESSO	20	72	0.2905533812172007	0.32234701711390024	0.4709466076347361	0.5476369148355906
ESPRESSO	20	75	0.2556180087907944	0.2839519793657092	0.44380991854556195	0.5140784566195742
ESPRESSO	20	78	0.24286261190591224	0.2640148088326765	0.4281717943089342	0.48126413390522055
ESPRESSO	20	81	0.24633131743286113	0.2636171336460279	0.4041313526168756	0.4514686378691947
ESPRESSO	20	84	0.2263563706245211	0.23299730079382283	0.3520877237553648	0.4058967055245298
ESPRESSO	20	87	0.20303225832251287	0.20991799866557542	0.32804429328902773	0.379399673418309
ESPRESSO	20	90	0.21637463951191974	0.22042960155423522	0.3132242830442082	0.3522986218786869
ESPRESSO	20	93	0.17951595366110346	0.18570165779458175	0.2675552666452047	0.3133215209935946
ESPRESSO	20	99	0.19069199648700655	0.1931426305725899	0.24994987067238542	0.2762306054725123
ESPRESSO	30	0	2.0	2.0	1.5803167977145405	1.7188038101387162
ESPRESSO	30	3	2.0	2.0	1.5612930603023552	1.7052892095125929
ESPRESSO	30	6	2.0	2.0	1.5693512624060193	1.7047510020802945
ESPRESSO	30	9	2.0	2.0	1.4508232960654657	1.637093042790222
ESPRESSO	30	12	2.0	2.0	1.3696790611680714	1.5858406765161543
ESPRESSO	30	15	1.237721906750779	2.0	1.23689950798217	1.4746456136183073
ESPRESSO	30	18	1.136467104748363	2.0	1.182124267556741	1.4592472641206287
ESPRESSO	30	21	0.8823116252409957	2.0	1.1051611096175162	1.4187401316764645
ESPRESSO	30	24	0.9414896636690159	2.0	1.0939192525094628	1.3981821173732363
ESPRESSO	30	27	0.7188640679938016	2.0	0.9632684868674952	1.3188164287463344
ESPRESSO	30	30	0.6485328888469877	2.0	0.920101850008158	1.3078697510049642
ESPRESSO	30	33	0.5712217211686679	1.3816416972523142	0.8763431052716855	1.2022630326887438
ESPRESSO	30	36	0.5343357552661222	1.1200805644597347	0.8427699072215854	1.158364284520466
ESPRESSO	30	39	0.5298115227240767	1.1783448860871946	0.8204686722341555	1.169198126917708
ESPRESSO	30	42	0.5321999236339647	0.9304787133347157	0.8070049637479939	1.1057245336120989
ESPRESSO	30	45	0.4760669106001413	0.7386206973174063	0.7249827381467273	1.0229903194674643
ESPRESSO	30	48	0.4853403291083455	0.6732057408800037	0.7128192885793078	0.9489009162006459
ESPRESSO	30	51	0.4491023679168785	0.6103532189470282	0.703576995917013	0.9150815886541505
ESPRESSO	30	54	0.3982065474525786	0.5730440082297923	0.6479958566585947	0.8679812837127132
ESPRESSO	30	57	0.39413249205552575	0.48917779040217924	0.5697238244769836	0.7599764754702419
ESPRESSO	30	60	0.344382002745224	0.4406007020804214	0.5809818924741919	0.7620272276377239
ESPRESSO	30	63	0.34308837509342405	0.4160739665199603	0.5666397221931714	0.7391812291449131
ESPRESSO	30	66	0.3540427481880285	0.4356587497191195	0.5348801099407103	0.7027158525060694
ESPRESSO	30	69	0.31320912627133807	0.3690171619883781	0.5006647055323014	0.6411605061291774
ESPRESSO	30	72	0.28980192901806967	0.341435570429799	0.4651066680325457	0.5891413868755155
ESPRESSO	30	75	0.2662599034078342	0.31933048158476907	0.44577030450310023	0.5741972364945798
ESPRESSO	30	78	0.26050198077649567	0.29053740990885996	0.43700982256658144	0.5178151824850586
ESPRESSO	30	81	0.25238733479548725	0.27218852342904315	0.41634724591315303	0.49349591557837796
ESPRESSO	30	84	0.22619482171784344	0.24377936649011117	0.3450968435619336	0.45192325937586436
ESPRESSO	30	87	0.21397362939891182	0.22106549558176555	0.3450327363696325	0.3986332980140718
ESPRESSO	30	90	0.22251966422322614	0.2249157144366278	0.3179313474045975	0.3679189449021265
ESPRESSO	30	93	0.18706482099586746	0.1879263598367427	0.27339813927370904	0.32635162259450484
ESPRESSO	30	99	0.19391286758087845	0.1964147229288923	0.24650237577779877	0.2845183925100505
FLAIR	10	0	2.0	2.0	1.9241891720720072	1.9215299296408355
FLAIR	10	3	2.0	2.0	1.9196167558698518	1.9269073963652839
FLAIR	10	6	2.0	2.0	1.9229628929191915	1.9261837675027351
FLAIR	10	9	2.0	2.0	1.7987634672427788	1.804978799733517
FLAIR	10	12	2.0	2.0	1.7298198362866732	1.7504777400973393
FLAIR	10	15	2.0	2.0	1.5905640329474662	1.623735297331331
FLAIR	10	18	2.0	2.0	1.4982978306304975	1.533204447125477
FLAIR	10	21	2.0	2.0	1.4033661594694895	1.4385347753190798
FLAIR	10	24	2.0	2.0	1.3933985867112437	1.4315350067713821
FLAIR	10	27	1.3599538887534968	1.8647049787495327	1.2421371252379991	1.307089531358596
FLAIR	10	30	1.1844852333408766	1.630360641717145	1.2240666562126998	1.2748083374533696
FLAIR	10	33	0.9583091580822234	1.1643246592306722	1.1599067999409558	1.212387096445352
FLAIR	10	36	0.8956352739328233	0.9756776542095356	1.105270557802318	1.1530667513155304
FLAIR	10	39	0.7530324371971142	0.8874244859872484	1.040581611654914	1.0991851641018782
FLAIR	10	42	0.8154589058265971	0.9359762989192029	1.056431919951381	1.118397100128522
FLAIR	10	45	0.706575668213027	0.7949123200932119	0.9829779689556377	1.0440471909734024
FLAIR	10	48	0.6919155039522875	0.7837524712287345	0.9788599608545046	1.0384853890841803
FLAIR	10	51	0.6627448910656396	0.7356742507771602	0.932905641080907	0.9966506146925044
FLAIR	10	54	0.6887837690401096	0.7517747308665781	0.964585066862511	1.023835822556726
FLAIR	10	57	0.6076763902109356	0.6658423984691935	0.8824637965427626	0.9486878997801155
FLAIR	10	60	0.5816499517834774	0.6421644627891386	0.877997056807614	0.9453218778194765
FLAIR	10	63	0.5895140164481928	0.6213875742366618	0.8670409526614412	0.9359252570118894
FLAIR	10	66	0.5506507535089926	0.5878658458418379	0.8629680912060222	0.9278452711314087
FLAIR	10	69	0.532931792555994	0.5622674981586695	0.8372678757726407	0.8847490501348712
FLAIR	10	72	0.559068410793929	0.5876170325343397	0.8658531561118412	0.9201769553456
FLAIR	10	75	0.5307363784605078	0.5576116177373067	0.8370721597070938	0.9022443817293464
FLAIR	10	78	0.5468909210474429	0.5657178103822511	0.8984365748758828	0.958364681043743
FLAIR	10	81	0.539464196852641	0.5574111696051695	0.9191252704779853	0.9714295176433525
FLAIR	10	84	0.5545647116897567	0.6154024116756628	0.9601263592992318	1.0206344970686612
FLAIR	10	87	0.5641066137897732	0.6410088999640682	1.033188866345734	1.0864437383321655
FLAIR	10	90	0.8420513065096937	1.01241195034603	1.1409398608037224	1.1825656556606303
FLAIR	10	93	2.0	2.0	1.3098767001645426	1.336979081273507
FLAIR	10	99	2.0	2.0	1.4417785912556262	1.4674934820642693
FLAIR	20	0	2.0	2.0	1.9133768063235128	1.9249045257577282
FLAIR	20	3	2.0	2.0	1.9215523158669852	1.929089182626968
FLAIR	20	6	2.0	2.0	1.9106485334669312	1.9241148928729823
FLAIR	20	9	2.0	2.0	1.78719329803865	1.8193977018378173
FLAIR	20	12	2.0	2.0	1.7090625891820115	1.7541500550796865
FLAIR	20	15	2.0	2.0	1.577795950809079	1.6400177322251681
FLAIR	20	18	2.0	2.0	1.501993814679803	1.5762906812170283
FLAIR	20	21	2.0	2.0	1.3788242728160072	1.4529460360577007
FLAIR	20	24	2.0	2.0	1.3930280839824285	1.4967915826278446
FLAIR	20	27	1.425576556799157	2.0	1.250132423207372	1.3740314829901898
FLAIR	20	30	1.1307857105571348	2.0	1.204609361573853	1.3166601412097958
FLAIR	20	33	0.9176269228591138	1.4952419169778834	1.1394811600688928	1.253303587870634
FLAIR	20	36	0.9158671513087681	1.4070622951575524	1.117199005956771	1.238366332299581
FLAIR	20	39	0.8166573316624539	1.174143593361337	1.0633052923455542	1.1879391283885103
FLAIR	20	42	0.8794972017536581	1.170827235065	1.0876769504687769	1.1971226433046231
FLAIR	20	45	0.7308306973575386	0.8713083495583037	0.9854715063912387	1.0923707965685552
FLAIR	20	48	0.7308306973575367	0.9093169236895704	0.9892723419307419	1.1117391524545615
FLAIR	20	51	0.7114992045519857	0.8398108517180447	0.9613813264483889	1.0647316891371164
FLAIR	20	54	0.7048240334761897	0.877307091234155	0.9741622331196896	1.0828086024018666
FLAIR	20	57	0.6009206883621458	0.7320548695563064	0.87586752711699	1.0107066663906012
FLAIR	20	60	0.568255298766613	0.6960868171958646	0.875056050344041	1.0147887471506665
FLAIR	20	63	0.5855925146520844	0.6577053327326954	0.875580308433433	0.9831585102499228
FLAIR	20	66	0.5441213134273668	0.646848234168535	0.8475946082000669	0.9755445771575497
FLAIR	20	69	0.5154515790997661	0.5742074787699428	0.7910091873967879	0.9204511629064911
FLAIR	20	72	0.5534600312000615	0.6126851250801886	0.861994308575483	0.9623350413093746
FLAIR	20	75	0.5066103685011077	0.5589604980625477	0.8077278027217505	0.9442845304659638
FLAIR	20	78	0.5315638525847532	0.6016653275898471	0.8782469446336221	0.9958360362814734
FLAIR	20	81	0.5300684648012262	0.5750638565356498	0.9239699972931745	1.0119716491251722
FLAIR	20	84	0.527180856838326	0.6245688604841851	0.9320146863100182	1.0389646361890028
FLAIR	20	87	0.539600401264636	0.6992119143069597	1.0064905842736087	1.093467441835804
FLAIR	20	90	0.8518649130609467	1.2289528368652893	1.1420900948918842	1.2090602665656403
FLAIR	20	93	2.0	2.0	1.3075748903696802	1.361842435505611
FLAIR	20	99	2.0	2.0	1.4154192454927341	1.468271987545192
FLAIR	30	0	2.0	2.0	1.9171107300133163	1.9305586023547079
FLAIR	30	3	2.0	2.0	1.9180751399414435	1.9343998413363814
FLAIR	30	6	2.0	2.0	1.9084346789282927	1.927049718148613
FLAIR	30	9	2.0	2.0	1.7828423128086268	1.8238912540325978
FLAIR	30	12	2.0	2.0	1.711370968082301	1.776146013707363
FLAIR	30	15	2.0	2.0	1.5898422927622526	1.6634003938760835
FLAIR	30	18	2.0	2.0	1.5024077153079483	1.61008948137353
FLAIR	30	21	2.0	2.0	1.3644220761609103	1.5133426585431315
FLAIR	30	24	2.0	2.0	1.3725517042388213	1.5165747367192368
FLAIR	30	27	1.4011627141683647	2.0	1.261095021089891	1.4354336260721643
FLAIR	30	30	1.106615542503829	2.0	1.2048321458224835	1.4084489921637255
FLAIR	30	33	1.1755746864939247	2.0	1.1896949434956383	1.3519453891632667
FLAIR	30	36	0.9295800609214319	1.807890303055535	1.124565854759961	1.288949009450634
FLAIR	30	39	0.7936535837000309	1.4730432536676963	1.039243022674513	1.2531516088707673
FLAIR	30	42	0.8460444378003865	1.5727876967717536	1.0746485860728467	1.2672010745479214
FLAIR	30	45	0.7029630160240739	1.1053740441168909	0.9845662644196123	1.1758222040663227
FLAIR	30	48	0.7241882684877339	1.0723336998836186	0.9809696644151736	1.1808406699011362
FLAIR	30	51	0.7616544686455848	1.0672622054708665	0.9888252675974281	1.1682648139078518
FLAIR	30	54	0.6592972325033369	0.9926012307649701	0.9438166387604047	1.1273187773158166
FLAIR	30	57	0.6318840140983568	0.8609623444661768	0.9038013324514744	1.0726652305334177
FLAIR	30	60	0.5838539609834552	0.8589314685428531	0.867154866324239	1.0921566337480053
FLAIR	30	63	0.5767820623188006	0.8003419310802804	0.8735457188043495	1.0665066050271714
FLAIR	30	66	0.5511279013273865	0.7735462663988741	0.8324558608798921	1.04134515946949
FLAIR	30	69	0.5106534790484993	0.6365788899486773	0.7927975512349054	0.9993893821894942
FLAIR	30	72	0.5279180067304852	0.6678518171525075	0.8318239709002999	1.0012379053600051
FLAIR	30	75	0.48319480640866286	0.5773363099004549	0.7651922532749237	0.9677908927127696
FLAIR	30	78	0.5136353834534726	0.6210135275475914	0.8493815494654209	1.0240576042184864
FLAIR	30	81	0.5037006396493009	0.6568916294454956	0.8717074953230834	1.0578579374825388
FLAIR	30	84	0.5060632482350362	0.6745332979669467	0.8778810587984066	1.0658097393721524
FLAIR	30	87	0.5250410195654954	0.8000844975531549	1.0105337029452	1.1259757870514036
FLAIR	30	90	0.6941113329313534	1.6912474502888137	1.1040631603086046	1.2356183598725616
FLAIR	30	93	2.0	2.0	1.2649555287924006	1.374925271442551
FLAIR	30	99	2.0	2.0	1.4141632452777753	1.4810793599867111
IsoQuant	10	0	2.0	2.0	1.3630052010671172	1.429011704377064
IsoQuant	10	3	1.9539661077645927	2.0	1.3853739965594614	1.452154286671713
IsoQuant	10	6	2.0	2.0	1.3563730168903483	1.4230216262798105
IsoQuant	10	9	1.6163765496318208	1.812939632962615	1.2772806690592011	1.3494594416371766
IsoQuant	10	12	1.0242580126285565	1.3619453097450174	1.1205881874370527	1.2069495915508184
IsoQuant	10	15	0.9990309556215903	1.2650483260124719	1.0679714683433825	1.1708803736304851
IsoQuant	10	18	1.0242575955585913	1.2203525407964948	1.0758600353404415	1.1741088170816203
IsoQuant	10	21	0.8431691187333148	1.0054594435497437	0.9854675190268607	1.0871597810992917
IsoQuant	10	24	0.8116022595095758	0.9614402394574904	0.9571239870262109	1.0519748495869619
IsoQuant	10	27	0.8180871345027525	0.9708242782278753	0.9476656823717465	1.0378202584879639
IsoQuant	10	30	0.6899769989658823	0.8280580738794808	0.8708836655278243	0.973494106117341
IsoQuant	10	33	0.6178798099523346	0.749509467478862	0.8119803742158984	0.9131721970246479
IsoQuant	10	36	0.5408447102451057	0.6212595543617564	0.7570841019007862	0.8389910903353219
IsoQuant	10	39	0.4853666961428448	0.5454124711516094	0.6885426152621033	0.7881390713827914
IsoQuant	10	42	0.42533115562942214	0.47963079437274786	0.656788890406913	0.750965844521642
IsoQuant	10	45	0.35841262016136427	0.42708821463298025	0.5856485557576697	0.6908924974009153
IsoQuant	10	48	0.31008533427984186	0.3546270092619531	0.5296527410658686	0.6349634027739172
IsoQuant	10	51	0.3213450005253897	0.3449793726171006	0.5340934134888234	0.6067482730423731
IsoQuant	10	54	0.2517146719470754	0.2890852546938657	0.45658073683853806	0.540799474885121
IsoQuant	10	57	0.2724497928755794	0.288974938920974	0.46207170675084847	0.5257234715939428
IsoQuant	10	60	0.2156756621025556	0.23948557850459729	0.38622975207553595	0.4686287560971184
IsoQuant	10	63	0.2055532547062335	0.21399917766789361	0.3569113962251503	0.41649024154618514
IsoQuant	10	66	0.18131951029054497	0.18999157919627815	0.29926520325930844	0.3589959248116867
IsoQuant	10	69	0.17474561288754525	0.18304402877407727	0.29275661310948603	0.335543538171922
IsoQuant	10	72	0.1518347773694397	0.16695819922898508	0.2567370922941636	0.3281851364178725
IsoQuant	10	75	0.15490173735413035	0.16406611973078034	0.2665504238070806	0.3077500778302267
IsoQuant	10	78	0.1362223753877885	0.14325168325556412	0.23249348944656625	0.286688312745831
IsoQuant	10	81	0.13564016606829785	0.14170560402921806	0.23657926066588925	0.2775750305447516
IsoQuant	10	84	0.13359911107420575	0.14603244080408867	0.23076104770083064	0.2789594047996809
IsoQuant	10	87	0.1225682133130657	0.13109966538968382	0.21430725554933974	0.26145675865828055
IsoQuant	10	90	0.10894751284228033	0.12035704493182339	0.20537293885477076	0.24485196859641928
IsoQuant	10	93	0.111073096298985	0.11566772623150345	0.20174688368769836	0.2457369405070902
IsoQuant	10	99	0.09894280956967422	0.1041467450837785	0.18225683817171948	0.20867186919522313
IsoQuant	20	0	1.983751061691762	2.0	1.3553380059196753	1.4879604210338144
IsoQuant	20	3	1.9260904671645185	2.0	1.385797438051183	1.5254137377054686
IsoQuant	20	6	1.9659402409616	2.0	1.3463421655856513	1.4869280623946977
IsoQuant	20	9	1.5422881385651865	2.0	1.2630012457740614	1.4357215308810711
IsoQuant	20	12	0.9466127587695118	1.7810101872075972	1.0875758937190372	1.3128981320224946
IsoQuant	20	15	0.8280302977295055	1.3896988085131856	1.0057959034722517	1.2280804788492439
IsoQuant	20	18	1.020007149700207	1.5292859194133692	1.0759594299567357	1.2653280354877345
IsoQuant	20	21	0.7917287118920295	1.172337320559193	0.9465353722126484	1.1634306892908417
IsoQuant	20	24	0.8175696779536858	1.3084639345081306	0.9634618032101959	1.182141064963614
IsoQuant	20	27	0.8175696779536858	1.25046212130234	0.9397853259147471	1.1534884674569603
IsoQuant	20	30	0.7041825008886251	1.0762311271793004	0.8738050873537824	1.101564259905752
IsoQuant	20	33	0.7028974525085012	0.9002361676581674	0.8394390059131118	1.0167425265513867
IsoQuant	20	36	0.5464208324987303	0.7279686200361294	0.7580400724113933	0.9380709508727038
IsoQuant	20	39	0.4949074116875619	0.7010063018438841	0.7075307362271526	0.8945069607558492
IsoQuant	20	42	0.4225624106759847	0.5529012334173651	0.660793481607759	0.8265384162936791
IsoQuant	20	45	0.3639889307340684	0.485064572463259	0.5785876407078746	0.7475824503996313
IsoQuant	20	48	0.33520704023779035	0.4073223543340668	0.5339910011946121	0.697503642694322
IsoQuant	20	51	0.35514594784144127	0.43608568538962195	0.5606016592813197	0.7244620310164416
IsoQuant	20	54	0.2599625427157086	0.3049308075005004	0.48022736378758846	0.6002508546604121
IsoQuant	20	57	0.2597251592370103	0.3061079734021701	0.4589096569136426	0.5948780222551576
IsoQuant	20	60	0.20368861783726724	0.24681799560953033	0.38851069506395053	0.5280473561087555
IsoQuant	20	63	0.20077590200111387	0.22900563155925507	0.363793925625891	0.4778158856450034
IsoQuant	20	66	0.18004623632000682	0.20147684277261593	0.2896426657337296	0.40900428801219835
IsoQuant	20	69	0.16247952496631	0.1913570221435158	0.28591056095990547	0.3998447827217379
IsoQuant	20	72	0.15109331544519466	0.17479438772514594	0.2601451074937974	0.3477171706417474
IsoQuant	20	75	0.14451599345583893	0.16568779525239954	0.25208227321622484	0.36142394172526265
IsoQuant	20	78	0.1329335762368366	0.14745954133071604	0.23536037875244775	0.3158617512638801
IsoQuant	20	81	0.12755084487673682	0.14281547448980647	0.2287272165825069	0.31005018311740257
IsoQuant	20	84	0.12670733987886357	0.1424063893254275	0.2217112848609529	0.29061775801282536
IsoQuant	20	87	0.11367858686735863	0.1284608573806985	0.2006078232085508	0.2902415234220409
IsoQuant	20	90	0.10573820164182975	0.11744235754716531	0.1929222365960156	0.2700823558797568
IsoQuant	20	93	0.10481845630715335	0.11758077127812894	0.18423357956148195	0.2549937783222482
IsoQuant	20	99	0.09345978172901563	0.10285590601278237	0.16483557921175396	0.234480894270887
IsoQuant	30	0	1.6819541268226859	2.0	1.3012907712852735	1.5308761790242338
IsoQuant	30	3	1.734765461229796	2.0	1.337612224573378	1.5555025895926413
IsoQuant	30	6	1.6205458375287933	2.0	1.3081887569367956	1.5263393292274767
IsoQuant	30	9	1.4483052548717281	2.0	1.2508078236275655	1.4928089559968765
IsoQuant	30	12	0.951836475204001	2.0	1.0801364277964867	1.3840212115003008
IsoQuant	30	15	0.9223831736183356	1.7150581734352517	1.027569975075011	1.322622972349837
IsoQuant	30	18	0.8912267439899145	1.7830863346804664	1.0413981754177242	1.349773443255515
IsoQuant	30	21	0.8275667776211976	1.5632783285264997	0.9530768180573577	1.2976435318029613
IsoQuant	30	24	0.8224380525061592	1.553312363801476	0.9487569031666006	1.2705827498314617
IsoQuant	30	27	0.7747278078988686	1.4171563223732975	0.9229502882699757	1.2325882239884833
IsoQuant	30	30	0.7462292362091963	1.4661613405436533	0.9007357405539477	1.2498029913428377
IsoQuant	30	33	0.6927325976536138	1.1673980300087519	0.8558292609382185	1.134452011688275
IsoQuant	30	36	0.5506248342510027	0.9112582477422907	0.7463658535258553	1.0407252052370306
IsoQuant	30	39	0.4547777559544916	0.9028138093242688	0.6850186095758074	1.0161116794012859
IsoQuant	30	42	0.4562154594619737	0.7310158728984129	0.6537878238912772	0.9542331635414153
IsoQuant	30	45	0.35421393698759035	0.6110538057770035	0.5856093415088547	0.8681314388121547
IsoQuant	30	48	0.33308161317422674	0.45631187569468734	0.5499577896804322	0.7840980850766741
IsoQuant	30	51	0.35731967495677	0.4878872969859853	0.5637110915304135	0.7703166036855675
IsoQuant	30	54	0.27282225369658963	0.3741233826256266	0.4914755482376691	0.6959566256331162
IsoQuant	30	57	0.2729797875342814	0.37081638090421726	0.4850109486440845	0.6698348548885379
IsoQuant	30	60	0.2043054874872387	0.2800168998129045	0.3935319987802494	0.6164916326929637
IsoQuant	30	63	0.21250438761313717	0.2501156913669929	0.37614018699429747	0.5414362555341875
IsoQuant	30	66	0.16392750436610654	0.20977494911995312	0.2873091864843819	0.47964530450580223
IsoQuant	30	69	0.1566943614571073	0.19592234773288747	0.28031964208435356	0.4550712537222949
IsoQuant	30	72	0.1555837301790737	0.17981883462184203	0.2565057628251544	0.39636190442940716
IsoQuant	30	75	0.14696711519944564	0.17451758517802882	0.24428123538494476	0.40474179963085694
IsoQuant	30	78	0.12944846380499156	0.15065618257005314	0.22404799184115926	0.3635108872196544
IsoQuant	30	81	0.12117922890023533	0.14399154534542208	0.21161464681898876	0.366842581612585
IsoQuant	30	84	0.12798551305571482	0.14934666708956856	0.2071984302151522	0.328046772590096
IsoQuant	30	87	0.11270203947042164	0.13640610214237486	0.20141929696853192	0.3066426316001829
IsoQuant	30	90	0.10425449940403765	0.1202015653378495	0.1830062552264427	0.2934170448392688
IsoQuant	30	93	0.09981181164684275	0.11606741804735382	0.17112636860415142	0.29458975382248825
IsoQuant	30	99	0.09613817175988665	0.10769340962239327	0.155593596143587	0.26425784234404537
Isosceles	10	0	0.6733380410255763	0.7538517199467001	0.9229061408741773	1.0166648639788245
Isosceles	10	3	0.7541968438826645	0.9150428168980983	0.9835524156093759	1.0784089707444329
Isosceles	10	6	0.6825069899722214	0.889305822335778	0.9436966395950813	1.0408536661970698
Isosceles	10	9	0.6733380410255763	0.7387234815966132	0.8408615085222992	0.9321126328083438
Isosceles	10	12	0.5096933904007772	0.6061051061453878	0.7001102330687984	0.8179797742263989
Isosceles	10	15	0.5246949051192977	0.6087673146031974	0.6726343703196576	0.8036193095317067
Isosceles	10	18	0.503637203130737	0.578917565888377	0.6475284219404657	0.774127825728453
Isosceles	10	21	0.44144660397406177	0.4856182750721697	0.5739790228368047	0.6960066861873139
Isosceles	10	24	0.42127075224311655	0.4823963699832327	0.5668664877910361	0.6887884782591487
Isosceles	10	27	0.39284886312409706	0.4506788920082621	0.5351896313126069	0.6706083494326823
Isosceles	10	30	0.37800069122193913	0.41708367527195706	0.505063104171039	0.6371954515250362
Isosceles	10	33	0.3761286001181016	0.41047290055301	0.4986913613779979	0.6170619000482913
Isosceles	10	36	0.30288874584149394	0.3292135210050528	0.42260112040123643	0.5386097525988705
Isosceles	10	39	0.29323330352521915	0.32989541681673057	0.4043448785943768	0.5318545533186227
Isosceles	10	42	0.2872633412568123	0.3212462778732922	0.39799186317083973	0.523772426255713
Isosceles	10	45	0.2521790945952595	0.2834355099441628	0.36248089761469493	0.4943653417151811
Isosceles	10	48	0.2420489245603465	0.28186876777124037	0.35828753420516873	0.4778831750782984
Isosceles	10	51	0.22603608991691712	0.24442476905833513	0.3441566218184566	0.43397811837972683
Isosceles	10	54	0.20211059771587186	0.22563455570432997	0.2958786856021309	0.405353210675025
Isosceles	10	57	0.21028024085971966	0.2291501995344568	0.3102368201087575	0.41706025907958283
Isosceles	10	60	0.18213052015077863	0.19800415053754214	0.2761047208379093	0.39723689523442063
Isosceles	10	63	0.17036978145924714	0.1860893514626295	0.25079809179288215	0.3479960111324863
Isosceles	10	66	0.15292234460236326	0.16683039805355457	0.24023162108776916	0.3459098482317123
Isosceles	10	69	0.13922249446068174	0.14978281116033204	0.22489467888141224	0.30166690450949424
Isosceles	10	72	0.13797489477159092	0.14805837082377654	0.21255097474887427	0.2977469116584033
Isosceles	10	75	0.13101078109633138	0.1376005275894555	0.1984450557006338	0.27375151652295016
Isosceles	10	78	0.12239405370067258	0.13027467368596338	0.19532511322071636	0.2885228984134759
Isosceles	10	81	0.12446309316466402	0.1322085889939187	0.18311884866301778	0.2501102155515641
Isosceles	10	84	0.106146295684613	0.11211609241638709	0.16313126317735888	0.24205917476786912
Isosceles	10	87	0.09880274842472053	0.10348153552735087	0.16017708073456596	0.24023495766577024
Isosceles	10	90	0.09834758448873035	0.10302935820135231	0.15453456131279023	0.21891748254037918
Isosceles	10	93	0.08719265919381755	0.08978979817101879	0.14447528041690386	0.20293934063308666
Isosceles	10	99	0.08833204204125703	0.09297677328193618	0.14351385796845675	0.20398648806505756
Isosceles	20	0	0.6972607905002379	1.0181652955616087	0.9500993622335178	1.1391596443155176
Isosceles	20	3	0.8352561061331287	1.1012762011763264	1.0066077310898156	1.188156136727609
Isosceles	20	6	0.699147770272113	1.0566635095671004	0.9413163080205222	1.15307464802971
Isosceles	20	9	0.6713582453209074	0.9135805300004789	0.8216800827974301	1.0631980408575568
Isosceles	20	12	0.5460049393204747	0.7708475249005042	0.7042298260903866	0.9832312129735269
Isosceles	20	15	0.532313580872665	0.691582128841775	0.6609048608500602	0.9135508677924695
Isosceles	20	18	0.5194884365210255	0.7040910577146532	0.659788153201396	0.9228643474552686
Isosceles	20	21	0.4360586015235537	0.5552063057164546	0.5826954428355605	0.834854450203555
Isosceles	20	24	0.43372318759713513	0.6247971936694698	0.5779448041872538	0.8773307225506068
Isosceles	20	27	0.4562967675398639	0.610638184575848	0.5734037753032796	0.8647006169784425
Isosceles	20	30	0.3940429661122917	0.525433732988157	0.5384878655687055	0.8047012537503575
Isosceles	20	33	0.37196278240883934	0.4719588734309914	0.5086637763198207	0.7558538096668953
Isosceles	20	36	0.31759062438665014	0.4037128326467833	0.4560797401124583	0.7028842883523942
Isosceles	20	39	0.3167438639638078	0.39160278837515006	0.4302060777533562	0.6953048537366052
Isosceles	20	42	0.3045594457569912	0.39258603662626046	0.4405560573591215	0.6640255481907201
Isosceles	20	45	0.276291339145301	0.342426909117182	0.3890764163524187	0.6111389975658523
Isosceles	20	48	0.258579526632388	0.3272825177892873	0.37759585795675443	0.6123073436790224
Isosceles	20	51	0.2478626346294	0.30193484615616145	0.37018299742477384	0.5594753897743266
Isosceles	20	54	0.23155648136706286	0.2650362956636436	0.33578138215209946	0.5146689667764003
Isosceles	20	57	0.23322968517068846	0.26940055792821355	0.34159307342291784	0.5486881388704938
Isosceles	20	60	0.19864288316647208	0.2358403027961131	0.3047003146653149	0.5341053636424712
Isosceles	20	63	0.17870218576787733	0.2046068543294146	0.2768067755798273	0.4371081562788429
Isosceles	20	66	0.17364800531255442	0.2087424755564208	0.2526505183019182	0.43219881564024104
Isosceles	20	69	0.15024970341622423	0.1694011896492948	0.23281319613515525	0.41356941629077926
Isosceles	20	72	0.15896915885580606	0.1784331449764685	0.24205647171457506	0.37148979384868597
Isosceles	20	75	0.14810662707024863	0.16836051897100526	0.20859434604643648	0.37428149685795903
Isosceles	20	78	0.14286461721575394	0.1549373437028696	0.21066697323846204	0.3772958239748822
Isosceles	20	81	0.1356168820900285	0.1469365151952688	0.18822247547137355	0.3258578688432904
Isosceles	20	84	0.12175726209969137	0.1338497764028638	0.17703286262736992	0.3154743078453283
Isosceles	20	87	0.11798591739018796	0.12713186347566569	0.1712327586164897	0.302535261139278
Isosceles	20	90	0.1107495305810005	0.12298883862939652	0.1605702758812327	0.2822218283246695
Isosceles	20	93	0.10409695097614687	0.11197401531667515	0.15253608441270772	0.2761689570750821
Isosceles	20	99	0.1083849254187521	0.11640037099173192	0.15004872714514417	0.30223064215201034
Isosceles	30	0	0.7054643076505885	1.233699860196741	0.9118416701183164	1.2248420685197072
Isosceles	30	3	0.7054643076505885	1.3713765305841672	0.9491793455608669	1.2558682182006213
Isosceles	30	6	0.7096491627251915	1.4253393767451181	0.9562198806611518	1.2567805698476906
Isosceles	30	9	0.7054643076505885	0.9776767090360705	0.8305093268534902	1.1508356816377487
Isosceles	30	12	0.6156746397577167	0.966658121880591	0.7444113772649368	1.1193985451086246
Isosceles	30	15	0.5398705388999117	0.770434088178263	0.6554154186728528	1.0072919616387206
Isosceles	30	18	0.5627965181683072	0.8833723754442198	0.6722043958590226	1.0633899203265225
Isosceles	30	21	0.4756943515959415	0.7758774526049314	0.6094224132051156	1.0129033594181778
Isosceles	30	24	0.4903221794773426	0.8088446099395303	0.6207790051663066	1.0269834759543266
Isosceles	30	27	0.430669172422176	0.7503579583552851	0.5886098044852676	1.0000760049875326
Isosceles	30	30	0.43081844695516197	0.6709440175151397	0.5666766259566776	0.9682534875864544
Isosceles	30	33	0.3992610679046375	0.6143232475831581	0.548684590555181	0.8976352771765927
Isosceles	30	36	0.3359681075728017	0.5047956917782055	0.48517127184671927	0.8494399162884042
Isosceles	30	39	0.3408268564626212	0.5249516652104183	0.4780509394754433	0.8801194289361045
Isosceles	30	42	0.31732439030051734	0.4675805768393393	0.4387984778246989	0.8123627046131414
Isosceles	30	45	0.30405787779361054	0.41865613458197765	0.43556382920511105	0.7728789827221042
Isosceles	30	48	0.2795880676753262	0.40203019574091925	0.4176315204949053	0.7502419210964512
Isosceles	30	51	0.27963567004224743	0.39537452565065945	0.42439993284928185	0.7301725919634744
Isosceles	30	54	0.24552562013850074	0.32877180484262397	0.3743247772614627	0.6665751670732756
Isosceles	30	57	0.2586681854269247	0.3280859785219169	0.3801492873369104	0.6497164891611502
Isosceles	30	60	0.20665624539733096	0.2722384937628794	0.3086633290974659	0.6415299571223474
Isosceles	30	63	0.19919730371173255	0.24994081595145157	0.3038768414941343	0.5810694675533112
Isosceles	30	66	0.1782051447742703	0.23342397307244375	0.26901381546346914	0.5570328017625086
Isosceles	30	69	0.16323435360060767	0.2039124319438285	0.24971364185954556	0.5476650000768847
Isosceles	30	72	0.1650778482958887	0.19867041150898657	0.24864974158915437	0.47892095161146103
Isosceles	30	75	0.16084516644407246	0.19536551073318464	0.22945683655373875	0.4766633976639025
Isosceles	30	78	0.15505978982252297	0.18196635658120086	0.22578719791044016	0.46476638733660663
Isosceles	30	81	0.14667641042607246	0.17328430738160028	0.19900780660733583	0.460022363563475
Isosceles	30	84	0.13219504688680367	0.15314677768547524	0.18745144124436453	0.42123643833090396
Isosceles	30	87	0.12867357728757645	0.14000233682505192	0.18738735005002388	0.36888498316840596
Isosceles	30	90	0.12157704792405906	0.14090419859793862	0.16905004470190826	0.3818142656448788
Isosceles	30	93	0.11831847453856087	0.1284480455941434	0.15633105821350374	0.3396820335813598
Isosceles	30	99	0.11709965207669595	0.12864244442307532	0.15530988341606247	0.3544507713847585
