tool	ground_truth_percentile	TPR_annotated	TPR_unannotated	TPR_all	FDR_all	F1_all
Bambu	0	0.696969696969697	0.0	0.6247484909456741	0.0	0.7690402476780186
Bambu	3	0.6557562076749436	0.0	0.5845070422535211	0.0	0.7377777777777778
Bambu	6	0.6801801801801802	0.009523809523809525	0.6092648539778449	0.0	0.7571964956195244
Bambu	9	0.7410313901345291	0.0	0.6649899396378269	0.01195814648729447	0.7949488875526157
Bambu	12	0.8201357466063348	0.01818181818181818	0.7313883299798792	0.009536784741144414	0.8414351851851852
Bambu	15	0.8492520138089759	0.016129032258064516	0.7452165156092648	0.0	0.8540103866128101
Bambu	18	0.8589306029579067	0.0	0.7595573440643864	0.00395778364116095	0.8618721461187214
Bambu	21	0.9027149321266968	0.01834862385321101	0.8056394763343404	0.0024937655860349127	0.8913649025069638
Bambu	24	0.9159090909090909	0.0	0.8108651911468813	0.0	0.8955555555555555
Bambu	27	0.9187643020594966	0.025	0.8108651911468813	0.0012391573729863693	0.89505830094392
Bambu	30	0.9459148446490219	0.03225806451612903	0.8318227593152064	0.0012091898428053204	0.9076923076923077
Bambu	33	0.9482163406214039	0.008	0.829979879275654	0.0024183796856106408	0.9060955518945635
Bambu	36	0.9423076923076923	0.009174311926605505	0.8398791540785498	0.0023923444976076554	0.9119737561509021
Bambu	39	0.9785067873303167	0.02727272727272727	0.8732394366197183	0.0011507479861910242	0.9318303811057435
Bambu	42	0.96962879640045	0.01904761904761905	0.869215291750503	0.0023094688221709007	0.9290322580645162
Bambu	45	0.9758342922899885	0.04032258064516129	0.8590130916414904	0.00117096018735363	0.9236599891716297
Bambu	48	0.9804597701149426	0.03225806451612903	0.8621730382293763	0.002328288707799767	0.9249865083648138
Bambu	51	0.9764309764309764	0.049019607843137254	0.8811681772406847	0.002280501710376283	0.9358288770053476
Bambu	54	0.9932279909706546	0.05555555555555555	0.8913480885311871	0.0022522522522522522	0.9415515409139213
Bambu	57	0.9854910714285714	0.030612244897959183	0.8913480885311871	0.0011273957158962795	0.9420520999468368
Bambu	60	0.984375	0.041237113402061855	0.892245720040282	0.0011273957158962795	0.9425531914893617
Bambu	63	0.9878453038674033	0.056179775280898875	0.9044265593561368	0.0022197558268590455	0.9488126649076517
Bambu	66	0.9832962138084632	0.031578947368421054	0.892245720040282	0.0011273957158962795	0.9425531914893617
Bambu	69	0.9880694143167028	0.1111111111111111	0.9245472837022133	0.002171552660152009	0.9597911227154047
Bambu	72	0.9878048780487805	0.11956521739130435	0.9074446680080482	0.0011074197120708748	0.9509752240379546
Bambu	75	0.9967284623773174	0.09210526315789473	0.9274924471299094	0.004324324324324324	0.9603753910323254
Bambu	78	0.9945175438596491	0.17073170731707318	0.9265593561368209	0.0	0.9618798955613577
Bambu	81	0.9945945945945946	0.14705882352941177	0.9365558912386707	0.002145922746781116	0.9662337662337662
Bambu	84	0.99235807860262	0.1282051282051282	0.9245472837022133	0.005411255411255411	0.9582898852971846
Bambu	87	0.9901531728665208	0.175	0.9245472837022133	0.0	0.9607945635128071
Bambu	90	0.9956616052060737	0.23943661971830985	0.9415911379657603	0.0	0.9699170124481328
Bambu	93	0.9989212513484358	0.208955223880597	0.9456740442655935	0.0021231422505307855	0.9710743801652892
Bambu	99	1.0	0.3333333333333333	0.9577464788732394	0.0	0.9784172661870504
Bambu + StringTie2	0	0.6992143658810326	0.0	0.6267605633802817	0.017350157728706624	0.7653562653562653
Bambu + StringTie2	3	0.6636568848758465	0.0	0.5915492957746479	0.018363939899833055	0.7382297551789078
Bambu + StringTie2	6	0.6734234234234234	0.009523809523809525	0.6032225579053374	0.018032786885245903	0.7473487211478478
Bambu + StringTie2	9	0.7275784753363229	0.0	0.6529175050301811	0.021116138763197588	0.7833433916716959
Bambu + StringTie2	12	0.8201357466063348	0.0	0.7293762575452716	0.018944519621109608	0.8366993652625505
Bambu + StringTie2	15	0.8423475258918297	0.016129032258064516	0.7391742195367573	0.01871657754010695	0.8431935669155658
Bambu + StringTie2	18	0.8464163822525598	0.017391304347826087	0.7505030181086519	0.018421052631578946	0.8506271379703535
Bambu + StringTie2	21	0.8868778280542986	0.01834862385321101	0.7915407854984894	0.015037593984962405	0.8777219430485762
Bambu + StringTie2	24	0.8988636363636363	0.0	0.795774647887324	0.005031446540880503	0.8842929010620458
Bambu + StringTie2	27	0.9176201372997712	0.041666666666666664	0.8118712273641852	0.013447432762836185	0.890728476821192
Bambu + StringTie2	30	0.9367088607594937	0.056451612903225805	0.8267875125881168	0.009650180940892641	0.9012074643249177
Bambu + StringTie2	33	0.9355581127733027	0.048	0.823943661971831	0.017985611510791366	0.8960612691466083
Bambu + StringTie2	36	0.9321266968325792	0.1559633027522936	0.8469284994964753	0.011750881316098707	0.9121475054229935
Bambu + StringTie2	39	0.9728506787330317	0.09090909090909091	0.8752515090543259	0.01694915254237288	0.9260244811069718
Bambu + StringTie2	42	0.9606299212598425	0.13333333333333333	0.8732394366197183	0.015873015873015872	0.9253731343283582
Bambu + StringTie2	45	0.9677790563866513	0.24193548387096775	0.877139979859013	0.014705882352941176	0.9280767181672882
Bambu + StringTie2	48	0.9724137931034482	0.29838709677419356	0.8883299798792756	0.023230088495575223	0.9304531085353003
Bambu + StringTie2	51	0.9640852974186308	0.30392156862745096	0.8962739174219537	0.02305159165751921	0.9348739495798319
Bambu + StringTie2	54	0.9853273137697517	0.2962962962962963	0.9104627766599598	0.013086150490730643	0.9471480900052328
Bambu + StringTie2	57	0.9776785714285714	0.22448979591836735	0.903420523138833	0.0249728555917481	0.9378590078328982
Bambu + StringTie2	60	0.9821428571428571	0.35051546391752575	0.9204431017119838	0.023504273504273504	0.9476412649040954
Bambu + StringTie2	63	0.980110497237569	0.4943820224719101	0.9366197183098591	0.018967334035827187	0.9583118888317036
Bambu + StringTie2	66	0.9844097995545658	0.3157894736842105	0.9204431017119838	0.019313304721030045	0.9496103896103896
Bambu + StringTie2	69	0.9891540130151844	0.3333333333333333	0.9416498993963782	0.012658227848101266	0.9639546858908342
Bambu + StringTie2	72	0.9878048780487805	0.41304347826086957	0.9346076458752515	0.017970401691331923	0.9577319587628866
Bambu + StringTie2	75	0.990185387131952	0.4868421052631579	0.9516616314199395	0.014598540145985401	0.9682377049180327
Bambu + StringTie2	78	0.9923245614035088	0.5	0.9517102615694165	0.024742268041237112	0.9633401221995926
Bambu + StringTie2	81	0.9913513513513513	0.4852941176470588	0.9566968781470292	0.011446409989594173	0.9723643807574207
Bambu + StringTie2	84	0.9934497816593887	0.5	0.954728370221328	0.013513513513513514	0.9703476482617587
Bambu + StringTie2	87	0.9890590809628009	0.5125	0.9507042253521126	0.009433962264150943	0.9702258726899384
Bambu + StringTie2	90	0.9924078091106291	0.5211267605633803	0.9587109768378651	0.010395010395010396	0.9739130434782609
Bambu + StringTie2	93	0.9935275080906149	0.47761194029850745	0.9587525150905433	0.011410788381742738	0.9734422880490297
Bambu + StringTie2	99	0.9978517722878625	0.5714285714285714	0.9708249496981891	0.0030991735537190084	0.9836901121304791
ESPRESSO	0	0.3254769921436588	0.009708737864077669	0.29275653923541245	0.0	0.4529182879377432
ESPRESSO	3	0.3295711060948081	0.009259259259259259	0.2947686116700201	0.0	0.4553224553224553
ESPRESSO	6	0.30067567567567566	0.009523809523809525	0.26988922457200404	0.0	0.42505947660586835
ESPRESSO	9	0.3957399103139013	0.00980392156862745	0.3561368209255533	0.14285714285714285	0.5031982942430704
ESPRESSO	12	0.45701357466063347	0.00909090909090909	0.4074446680080483	0.12526997840172785	0.5559368565545642
ESPRESSO	15	0.5431530494821634	0.016129032258064516	0.4773413897280967	0.15508021390374332	0.61003861003861
ESPRESSO	18	0.5881683731513083	0.008695652173913044	0.5211267605633803	0.21036585365853658	0.6278787878787879
ESPRESSO	21	0.6142533936651584	0.03669724770642202	0.5508559919436052	0.09586776859504133	0.6846057571964956
ESPRESSO	24	0.6477272727272727	0.043859649122807015	0.5784708249496981	0.08146964856230032	0.7098765432098766
ESPRESSO	27	0.717391304347826	0.03333333333333333	0.6348088531187123	0.08284883720930232	0.7502972651605232
ESPRESSO	30	0.7387802071346375	0.056451612903225805	0.6535750251762337	0.05116959064327485	0.7740011926058438
ESPRESSO	33	0.7859608745684695	0.056	0.6941649899396378	0.11311053984575835	0.7787810383747178
ESPRESSO	36	0.7850678733031674	0.12844036697247707	0.7129909365558912	0.05220883534136546	0.8137931034482758
ESPRESSO	39	0.832579185520362	0.17272727272727273	0.7595573440643864	0.07248157248157248	0.8351769911504425
ESPRESSO	42	0.81214848143982	0.1523809523809524	0.7424547283702213	0.046511627906976744	0.834841628959276
ESPRESSO	45	0.856156501726122	0.28225806451612906	0.7844914400805639	0.052311435523114354	0.8584022038567493
ESPRESSO	48	0.871264367816092	0.3629032258064516	0.8078470824949698	0.03717026378896882	0.8785557986870897
ESPRESSO	51	0.8698092031425365	0.3235294117647059	0.8136958710976838	0.0380952380952381	0.8816148390616476
ESPRESSO	54	0.8905191873589164	0.3888888888888889	0.8360160965794768	0.02464788732394366	0.9003250270855905
ESPRESSO	57	0.9430803571428571	0.4897959183673469	0.8983903420523138	0.019758507135016465	0.9375328083989501
ESPRESSO	60	0.9296875	0.4536082474226804	0.8831822759315207	0.01901565995525727	0.9295177530471648
ESPRESSO	63	0.9337016574585635	0.4943820224719101	0.8943661971830986	0.019845644983461964	0.9352972119936875
ESPRESSO	66	0.9465478841870824	0.5789473684210527	0.9113796576032226	0.013086150490730643	0.9476439790575916
ESPRESSO	69	0.9511930585683297	0.6111111111111112	0.9265593561368209	0.014973262032085561	0.9548989113530326
ESPRESSO	72	0.967849223946785	0.5543478260869565	0.9295774647887324	0.00964630225080386	0.9590036325895174
ESPRESSO	75	0.9683751363140676	0.7368421052631579	0.9506545820745217	0.005268703898840885	0.972193614830072
ESPRESSO	78	0.9736842105263158	0.7073170731707317	0.9517102615694165	0.004210526315789474	0.9732510288065843
ESPRESSO	81	0.9751351351351352	0.8382352941176471	0.9657603222557906	0.005186721991701245	0.9800715380684721
ESPRESSO	84	0.9879912663755459	0.7051282051282052	0.96579476861167	0.007238883143743537	0.9790922998470168
ESPRESSO	87	0.9879649890590809	0.75	0.9688128772635815	0.004136504653567736	0.9821519632840388
ESPRESSO	90	0.9913232104121475	0.8450704225352113	0.9808660624370594	0.0020491803278688526	0.98933468765871
ESPRESSO	93	0.9924487594390508	0.8507462686567164	0.9828973843058351	0.007113821138211382	0.9878665318503539
ESPRESSO	99	0.9978517722878625	0.9047619047619048	0.9919517102615694	0.0	0.9959595959595959
ESPRESSO + StringTie2	0	0.3254769921436588	0.009708737864077669	0.29275653923541245	0.013559322033898305	0.45151280062063615
ESPRESSO + StringTie2	3	0.3295711060948081	0.009259259259259259	0.2947686116700201	0.013468013468013467	0.4539116963594113
ESPRESSO + StringTie2	6	0.30067567567567566	0.01904761904761905	0.27089627391742194	0.014652014652014652	0.42496050552922593
ESPRESSO + StringTie2	9	0.39461883408071746	0.00980392156862745	0.3551307847082495	0.1493975903614458	0.5010645848119234
ESPRESSO + StringTie2	12	0.45588235294117646	0.00909090909090909	0.40643863179074446	0.13118279569892474	0.5538039753255655
ESPRESSO + StringTie2	15	0.5431530494821634	0.016129032258064516	0.4773413897280967	0.1595744680851064	0.6088631984585742
ESPRESSO + StringTie2	18	0.5870307167235495	0.017391304347826087	0.5211267605633803	0.2127659574468085	0.6271186440677966
ESPRESSO + StringTie2	21	0.6131221719457014	0.045871559633027525	0.5508559919436052	0.09136212624584718	0.6858934169278997
ESPRESSO + StringTie2	24	0.6477272727272727	0.043859649122807015	0.5784708249496981	0.07556270096463022	0.7116336633663366
ESPRESSO + StringTie2	27	0.717391304347826	0.058333333333333334	0.6378269617706237	0.0824891461649783	0.7525222551928783
ESPRESSO + StringTie2	30	0.7376294591484465	0.0967741935483871	0.6576032225579054	0.0536231884057971	0.7759952465834818
ESPRESSO + StringTie2	33	0.7825086306098964	0.08	0.6941649899396378	0.12325285895806862	0.7748455923638405
ESPRESSO + StringTie2	36	0.7839366515837104	0.2018348623853211	0.7200402819738168	0.05172413793103448	0.8185460789925587
ESPRESSO + StringTie2	39	0.832579185520362	0.2	0.7625754527162978	0.06993865030674846	0.8380320619126589
ESPRESSO + StringTie2	42	0.81214848143982	0.22857142857142856	0.7505030181086519	0.06281407035175879	0.8335195530726257
ESPRESSO + StringTie2	45	0.8550057537399309	0.41935483870967744	0.8006042296072508	0.055819477434679333	0.8664850136239782
ESPRESSO + StringTie2	48	0.871264367816092	0.5080645161290323	0.8259557344064387	0.030696576151121605	0.8919065725149375
ESPRESSO + StringTie2	51	0.8698092031425365	0.5196078431372549	0.8338368580060423	0.03496503496503497	0.8946515397082658
ESPRESSO + StringTie2	54	0.8905191873589164	0.5277777777777778	0.8511066398390342	0.03424657534246575	0.9048128342245989
ESPRESSO + StringTie2	57	0.9419642857142857	0.5816326530612245	0.9064386317907445	0.03118279569892473	0.9365904365904366
ESPRESSO + StringTie2	60	0.9296875	0.5670103092783505	0.8942598187311178	0.027382256297918947	0.9317943336831059
ESPRESSO + StringTie2	63	0.932596685082873	0.6741573033707865	0.9094567404426559	0.023758099352051837	0.9416666666666667
ESPRESSO + StringTie2	66	0.9420935412026726	0.6947368421052632	0.918429003021148	0.01935483870967742	0.9485179407176287
ESPRESSO + StringTie2	69	0.9501084598698482	0.6666666666666666	0.9295774647887324	0.01910828025477707	0.9545454545454546
ESPRESSO + StringTie2	72	0.9667405764966741	0.6739130434782609	0.9396378269617707	0.013727560718057022	0.9623905203503349
ESPRESSO + StringTie2	75	0.9672846237731734	0.8026315789473685	0.9546827794561934	0.009404388714733543	0.9723076923076923
ESPRESSO + StringTie2	78	0.9736842105263158	0.8414634146341463	0.9627766599597586	0.010341261633919338	0.9760326364099949
ESPRESSO + StringTie2	81	0.9751351351351352	0.8823529411764706	0.9687814702920443	0.008247422680412371	0.9801324503311258
ESPRESSO + StringTie2	84	0.9868995633187773	0.7948717948717948	0.971830985915493	0.008213552361396304	0.9817073170731707
ESPRESSO + StringTie2	87	0.9879649890590809	0.8125	0.9738430583501007	0.006160164271047228	0.983739837398374
ESPRESSO + StringTie2	90	0.9913232104121475	0.8591549295774648	0.9818731117824774	0.007128309572301426	0.9873417721518988
ESPRESSO + StringTie2	93	0.9924487594390508	0.8805970149253731	0.9849094567404426	0.006091370558375634	0.989388580090955
ESPRESSO + StringTie2	99	0.9967776584317938	0.9206349206349206	0.9919517102615694	0.005045408678102927	0.9934508816120907
FLAIR	0	0.10886644219977554	0.1262135922330097	0.11066398390342053	0.0	0.19927536231884058
FLAIR	3	0.11399548532731377	0.018518518518518517	0.10362173038229376	0.0	0.18778486782133091
FLAIR	6	0.10698198198198199	0.06666666666666667	0.1027190332326284	0.0	0.1863013698630137
FLAIR	9	0.21076233183856502	0.13725490196078433	0.20321931589537223	0.00980392156862745	0.337228714524207
FLAIR	12	0.251131221719457	0.10909090909090909	0.23541247484909456	0.00847457627118644	0.3804878048780488
FLAIR	15	0.334867663981588	0.13709677419354838	0.31017119838872104	0.45	0.3966516419832582
FLAIR	18	0.39590443686006827	0.1391304347826087	0.36619718309859156	0.3441441441441441	0.4699806326662363
FLAIR	21	0.4309954751131222	0.21100917431192662	0.4068479355488419	0.2949389179755672	0.5159642401021711
FLAIR	24	0.4409090909090909	0.20175438596491227	0.4134808853118712	0.26344086021505375	0.529639175257732
FLAIR	27	0.5606407322654462	0.18333333333333332	0.5150905432595574	0.22424242424242424	0.619105199516324
FLAIR	30	0.5604142692750288	0.28225806451612906	0.525679758308157	0.17274167987321712	0.6428571428571429
FLAIR	33	0.6144994246260069	0.296	0.5744466800804829	0.23149394347240915	0.6574553828439839
FLAIR	36	0.6357466063348416	0.30275229357798167	0.5991943605236657	0.20026881720430106	0.6850892343120323
FLAIR	39	0.665158371040724	0.3181818181818182	0.6267605633802817	0.20838627700127066	0.699606962380685
FLAIR	42	0.6591676040494938	0.23809523809523808	0.6146881287726358	0.22165605095541402	0.68690275435638
FLAIR	45	0.7019562715765247	0.3629032258064516	0.6596173212487412	0.16240409207161124	0.7380281690140845
FLAIR	48	0.7091954022988506	0.3870967741935484	0.6690140845070423	0.14082687338501293	0.752262443438914
FLAIR	51	0.7564534231200898	0.3333333333333333	0.7129909365558912	0.19362186788154898	0.7568145376803849
FLAIR	54	0.7223476297968398	0.3425925925925926	0.6810865191146881	0.18922155688622755	0.740295243302351
FLAIR	57	0.7779017857142857	0.30612244897959184	0.7313883299798792	0.15465116279069768	0.7842502696871629
FLAIR	60	0.7700892857142857	0.27835051546391754	0.7220543806646526	0.19528619528619529	0.7611464968152867
FLAIR	63	0.7867403314917127	0.2696629213483146	0.7404426559356136	0.2	0.7690700104493208
FLAIR	66	0.7750556792873051	0.30526315789473685	0.730110775427996	0.19175027870680045	0.7671957671957672
FLAIR	69	0.789587852494577	0.3333333333333333	0.7565392354124748	0.20507399577167018	0.7752577319587629
FLAIR	72	0.7716186252771619	0.3804347826086957	0.7354124748490946	0.2045701849836779	0.7642446419236801
FLAIR	75	0.7862595419847328	0.2236842105263158	0.743202416918429	0.18811881188118812	0.7760252365930599
FLAIR	78	0.7445175438596491	0.25609756097560976	0.704225352112676	0.2374727668845316	0.7322175732217573
FLAIR	81	0.7189189189189189	0.22058823529411764	0.6847935548841894	0.23595505617977527	0.7222517259691981
FLAIR	84	0.7052401746724891	0.21794871794871795	0.6670020120724346	0.2793478260869565	0.6927899686520376
FLAIR	87	0.6487964989059081	0.25	0.6167002012072434	0.3248898678414097	0.6445846477392219
FLAIR	90	0.571583514099783	0.18309859154929578	0.5438066465256798	0.3579072532699168	0.5888767720828789
FLAIR	93	0.4519956850053937	0.208955223880597	0.43561368209255535	0.4654320987654321	0.48004434589800443
FLAIR	99	0.35660580021482274	0.09523809523809523	0.34004024144869216	0.5511288180610889	0.386949055523755
FLAIR + StringTie2	0	0.11672278338945005	0.11650485436893204	0.11670020120724346	0.0	0.209009009009009
FLAIR + StringTie2	3	0.11399548532731377	0.027777777777777776	0.10462776659959759	0.0	0.1894353369763206
FLAIR + StringTie2	6	0.10923423423423423	0.06666666666666667	0.10473313192346426	0.0	0.18960802187784867
FLAIR + StringTie2	9	0.2062780269058296	0.13725490196078433	0.19919517102615694	0.014925373134328358	0.3313807531380753
FLAIR + StringTie2	12	0.24773755656108598	0.10909090909090909	0.2323943661971831	0.01282051282051282	0.3762214983713355
FLAIR + StringTie2	15	0.34062140391254314	0.14516129032258066	0.3162134944612286	0.459552495697074	0.39898348157560354
FLAIR + StringTie2	18	0.3981797497155859	0.10434782608695652	0.3641851106639839	0.35701598579040855	0.46499678869621064
FLAIR + StringTie2	21	0.4287330316742081	0.1926605504587156	0.4028197381671702	0.3220338983050847	0.505369551484523
FLAIR + StringTie2	24	0.45340909090909093	0.18421052631578946	0.4225352112676056	0.2459605026929982	0.5415860735009671
FLAIR + StringTie2	27	0.5778032036613272	0.16666666666666666	0.528169014084507	0.2324561403508772	0.6257449344457687
FLAIR + StringTie2	30	0.5661680092059839	0.27419354838709675	0.5297079556898288	0.17034700315457413	0.6465888137676705
FLAIR + StringTie2	33	0.6144994246260069	0.296	0.5744466800804829	0.23355704697986576	0.6566992524439333
FLAIR + StringTie2	36	0.6402714932126696	0.22018348623853212	0.594159113796576	0.2101740294511379	0.6781609195402298
FLAIR + StringTie2	39	0.6753393665158371	0.2818181818181818	0.6317907444668008	0.1979565772669221	0.706809229037704
FLAIR + StringTie2	42	0.6625421822272216	0.26666666666666666	0.6207243460764588	0.23067331670822944	0.6870824053452116
FLAIR + StringTie2	45	0.714614499424626	0.27419354838709675	0.6596173212487412	0.1504539559014267	0.7426303854875284
FLAIR + StringTie2	48	0.7275862068965517	0.2661290322580645	0.670020120724346	0.14395886889460155	0.7516930022573364
FLAIR + StringTie2	51	0.7687991021324355	0.2549019607843137	0.716012084592145	0.19204545454545455	0.7592098238120663
FLAIR + StringTie2	54	0.7347629796839729	0.2777777777777778	0.6851106639839034	0.1390644753476612	0.7630252100840336
FLAIR + StringTie2	57	0.8002232142857143	0.1836734693877551	0.7394366197183099	0.18151447661469933	0.7769556025369979
FLAIR + StringTie2	60	0.7901785714285714	0.24742268041237114	0.7371601208459214	0.14883720930232558	0.7900701565029682
FLAIR + StringTie2	63	0.8011049723756906	0.1348314606741573	0.7414486921529175	0.20065075921908893	0.7693110647181628
FLAIR + StringTie2	66	0.7906458797327395	0.22105263157894736	0.7361530715005036	0.16265750286368844	0.7834941050375134
FLAIR + StringTie2	69	0.8036876355748374	0.2638888888888889	0.7645875251509054	0.1810344827586207	0.7908428720083247
FLAIR + StringTie2	72	0.7926829268292683	0.1956521739130435	0.7374245472837022	0.18826135105204872	0.7727991565629942
FLAIR + StringTie2	75	0.806979280261723	0.14473684210526316	0.756294058408862	0.1756311745334797	0.7888655462184874
FLAIR + StringTie2	78	0.7785087719298246	0.14634146341463414	0.7263581488933601	0.21092896174863388	0.7564169722367732
FLAIR + StringTie2	81	0.7318918918918919	0.20588235294117646	0.6958710976837865	0.2165532879818594	0.7370666666666666
FLAIR + StringTie2	84	0.7281659388646288	0.1282051282051282	0.6810865191146881	0.25110619469026546	0.7133825079030558
FLAIR + StringTie2	87	0.661925601750547	0.1875	0.6237424547283702	0.3080357142857143	0.656084656084656
FLAIR + StringTie2	90	0.5878524945770065	0.11267605633802817	0.553877139979859	0.3325242718446602	0.6053935057787562
FLAIR + StringTie2	93	0.48004314994606256	0.13432835820895522	0.4567404426559356	0.43742255266418834	0.504164353137146
FLAIR + StringTie2	99	0.3920515574650913	0.047619047619047616	0.3702213279678068	0.518324607329843	0.41865756541524457
IsoQuant	0	0.49382716049382713	0.0	0.4426559356136821	0.0	0.6136680613668062
IsoQuant	3	0.5067720090293454	0.0	0.4517102615694165	0.0	0.6223146223146223
IsoQuant	6	0.48986486486486486	0.009523809523809525	0.4390735146022155	0.0	0.6102169349195241
IsoQuant	9	0.6031390134529148	0.0196078431372549	0.5432595573440644	0.0018484288354898336	0.7035830618892508
IsoQuant	12	0.6968325791855203	0.09090909090909091	0.6297786720321932	0.0	0.7728395061728395
IsoQuant	15	0.762945914844649	0.08064516129032258	0.6777442094662638	0.002962962962962963	0.8069544364508393
IsoQuant	18	0.7770193401592719	0.05217391304347826	0.693158953722334	0.002894356005788712	0.8178041543026706
IsoQuant	21	0.8438914027149321	0.08256880733944955	0.7603222557905337	0.00395778364116095	0.8623643632210166
IsoQuant	24	0.8454545454545455	0.15789473684210525	0.7665995975855131	0.002617801047120419	0.8668941979522184
IsoQuant	27	0.8775743707093822	0.2	0.795774647887324	0.0	0.8862745098039215
IsoQuant	30	0.9079401611047181	0.22580645161290322	0.8227593152064451	0.0012224938875305623	0.902263942573164
IsoQuant	33	0.9240506329113924	0.28	0.8430583501006036	0.0035671819262782403	0.9133514986376022
IsoQuant	36	0.9083710407239819	0.3577981651376147	0.8479355488418933	0.004728132387706856	0.9157150625339858
IsoQuant	39	0.9502262443438914	0.2818181818181818	0.8762575452716298	0.002290950744558992	0.9330476700589181
IsoQuant	42	0.9336332958380202	0.3238095238095238	0.869215291750503	0.008036739380022962	0.9265415549597855
IsoQuant	45	0.9643268124280783	0.41935483870967744	0.8962739174219537	0.006696428571428571	0.942297511911064
IsoQuant	48	0.9586206896551724	0.3951612903225806	0.8883299798792756	0.010089686098654708	0.936373276776246
IsoQuant	51	0.9618406285072951	0.4803921568627451	0.9123867069486404	0.005488474204171241	0.9516806722689075
IsoQuant	54	0.9683972911963883	0.5	0.9175050301810865	0.006535947712418301	0.9539748953974896
IsoQuant	57	0.9743303571428571	0.5714285714285714	0.9346076458752515	0.007478632478632479	0.9626943005181348
IsoQuant	60	0.9787946428571429	0.4742268041237113	0.9295065458207452	0.006458557588805167	0.9604578563995838
IsoQuant	63	0.9812154696132597	0.5617977528089888	0.9436619718309859	0.007407407407407408	0.9675090252707581
IsoQuant	66	0.9910913140311804	0.6631578947368421	0.959718026183283	0.0041797283176593526	0.9774358974358974
IsoQuant	69	0.9859002169197397	0.6527777777777778	0.9617706237424547	0.00932642487046632	0.9760081674323634
IsoQuant	72	0.991130820399113	0.5760869565217391	0.9527162977867203	0.005252100840336135	0.9732785200411099
IsoQuant	75	0.9880043620501636	0.6710526315789473	0.9637462235649547	0.004162330905306972	0.9795291709314228
IsoQuant	78	0.9945175438596491	0.6463414634146342	0.96579476861167	0.004149377593360996	0.9805924412665986
IsoQuant	81	0.9881081081081081	0.6911764705882353	0.9677744209466264	0.0031120331950207467	0.9821154828819622
IsoQuant	84	0.9879912663755459	0.6794871794871795	0.9637826961770624	0.006224066390041493	0.9785495403472931
IsoQuant	87	0.9945295404814004	0.7	0.9708249496981891	0.0010351966873706005	0.9846938775510204
IsoQuant	90	0.9945770065075922	0.704225352112676	0.973816717019134	0.0020639834881320948	0.9857288481141692
IsoQuant	93	0.9956850053937433	0.6716417910447762	0.9738430583501007	0.003089598352214212	0.9852417302798983
IsoQuant	99	0.9967776584317938	0.7936507936507936	0.9839034205231388	0.0030581039755351682	0.990379746835443
IsoQuant + StringTie2	0	0.4826038159371493	0.0	0.43259557344064387	0.004629629629629629	0.603085553997195
IsoQuant + StringTie2	3	0.49548532731376976	0.0	0.4416498993963783	0.0045351473922902496	0.6118466898954704
IsoQuant + StringTie2	6	0.481981981981982	0.01904761904761905	0.43303121852970794	0.004629629629629629	0.6035087719298246
IsoQuant + StringTie2	9	0.5896860986547086	0.0196078431372549	0.5311871227364185	0.009380863039399626	0.6915520628683693
IsoQuant + StringTie2	12	0.6866515837104072	0.09090909090909091	0.6207243460764588	0.008038585209003215	0.7636138613861386
IsoQuant + StringTie2	15	0.7399309551208285	0.08870967741935484	0.6586102719033232	0.007587253414264037	0.7917675544794189
IsoQuant + StringTie2	18	0.7633674630261661	0.06956521739130435	0.6830985915492958	0.011644832605531296	0.8078524687685901
IsoQuant + StringTie2	21	0.829185520361991	0.09174311926605505	0.7482376636455186	0.0066844919786096255	0.8535324526134406
IsoQuant + StringTie2	24	0.8363636363636363	0.15789473684210525	0.7585513078470825	0.005277044854881266	0.860730593607306
IsoQuant + StringTie2	27	0.8718535469107551	0.20833333333333334	0.7917505030181087	0.0037974683544303796	0.8822869955156951
IsoQuant + StringTie2	30	0.8883774453394706	0.2661290322580645	0.81067472306143	0.0024783147459727386	0.8944444444444445
IsoQuant + StringTie2	33	0.903337169159954	0.28	0.8249496981891348	0.008464328899637243	0.900604063701263
IsoQuant + StringTie2	36	0.8970588235294118	0.3944954128440367	0.8418932527693856	0.012987012987012988	0.908695652173913
IsoQuant + StringTie2	39	0.9343891402714932	0.3	0.864185110663984	0.01264367816091954	0.9216738197424893
IsoQuant + StringTie2	42	0.922384701912261	0.3523809523809524	0.8621730382293763	0.02057142857142857	0.9170679507758159
IsoQuant + StringTie2	45	0.956271576524741	0.49193548387096775	0.8982880161127895	0.01762114537444934	0.9384534455549711
IsoQuant + StringTie2	48	0.9459770114942528	0.47580645161290325	0.8873239436619719	0.021087680355160933	0.9308707124010555
IsoQuant + StringTie2	51	0.941638608305275	0.5980392156862745	0.9063444108761329	0.02386117136659436	0.9399477806788512
IsoQuant + StringTie2	54	0.95372460496614	0.6018518518518519	0.9154929577464789	0.029850746268656716	0.9420289855072463
IsoQuant + StringTie2	57	0.9631696428571429	0.5510204081632653	0.9225352112676056	0.02653927813163482	0.9473140495867769
IsoQuant + StringTie2	60	0.9642857142857143	0.5979381443298969	0.9284994964753273	0.022269353128313893	0.9524793388429752
IsoQuant + StringTie2	63	0.9712707182320443	0.7078651685393258	0.9476861167002012	0.02383419689119171	0.9617151607963247
IsoQuant + StringTie2	66	0.9810690423162584	0.7052631578947368	0.9546827794561934	0.025693730729701953	0.9643947100712106
IsoQuant + StringTie2	69	0.9761388286334056	0.6527777777777778	0.9527162977867203	0.03955375253549696	0.9565656565656566
IsoQuant + StringTie2	72	0.9822616407982262	0.6739130434782609	0.9537223340040242	0.026694045174537988	0.9634146341463414
IsoQuant + StringTie2	75	0.9760087241003271	0.7105263157894737	0.9556898288016112	0.013513513513513514	0.970843989769821
IsoQuant + StringTie2	78	0.9890350877192983	0.7439024390243902	0.9688128772635815	0.02034587995930824	0.9742033383915023
IsoQuant + StringTie2	81	0.985945945945946	0.7941176470588235	0.972809667673716	0.01529051987767584	0.9787234042553191
IsoQuant + StringTie2	84	0.9868995633187773	0.7692307692307693	0.9698189134808853	0.0163265306122449	0.9766970618034447
IsoQuant + StringTie2	87	0.9901531728665208	0.7875	0.9738430583501007	0.0071794871794871795	0.9832402234636871
IsoQuant + StringTie2	90	0.9902386117136659	0.7605633802816901	0.973816717019134	0.012257405515832482	0.9807302231237323
IsoQuant + StringTie2	93	0.9859762675296656	0.7313432835820896	0.9688128772635815	0.011293634496919919	0.9786585365853658
IsoQuant + StringTie2	99	0.9935553168635876	0.8253968253968254	0.9828973843058351	0.010131712259371834	0.9863705199394245
Isosceles + IsoQuant	0	0.9113355780022446	0.1262135922330097	0.829979879275654	0.04513888888888889	0.8880516684607105
Isosceles + IsoQuant	3	0.9142212189616253	0.09259259259259259	0.8249496981891348	0.04540162980209546	0.8850512682137075
Isosceles + IsoQuant	6	0.9155405405405406	0.09523809523809523	0.8288016112789527	0.04524361948955916	0.8873315363881401
Isosceles + IsoQuant	9	0.9697309417040358	0.17647058823529413	0.8883299798792756	0.07828810020876827	0.9047131147540983
Isosceles + IsoQuant	12	0.9841628959276018	0.22727272727272727	0.9004024144869215	0.07731958762886598	0.9114052953156823
Isosceles + IsoQuant	15	0.9942462600690449	0.25806451612903225	0.9023162134944612	0.10667996011964108	0.8977955911823647
Isosceles + IsoQuant	18	1.0	0.25217391304347825	0.9134808853118712	0.06776180698151951	0.9227642276422764
Isosceles + IsoQuant	21	0.998868778280543	0.26605504587155965	0.918429003021148	0.06938775510204082	0.9244804865686771
Isosceles + IsoQuant	24	0.9988636363636364	0.35964912280701755	0.9255533199195171	0.05154639175257732	0.9368635437881874
Isosceles + IsoQuant	27	1.0	0.36666666666666664	0.9235412474849095	0.03368421052631579	0.9444444444444444
Isosceles + IsoQuant	30	0.998849252013809	0.4112903225806452	0.9254783484390735	0.0446985446985447	0.9401534526854219
Isosceles + IsoQuant	33	1.0	0.512	0.9386317907444668	0.0613682092555332	0.9386317907444668
Isosceles + IsoQuant	36	1.0	0.5045871559633027	0.945619335347432	0.0486322188449848	0.9484848484848485
Isosceles + IsoQuant	39	1.0	0.4727272727272727	0.9416498993963782	0.06865671641791045	0.9364682341170585
Isosceles + IsoQuant	42	1.0	0.47619047619047616	0.9446680080482898	0.04281345565749235	0.9508860759493671
Isosceles + IsoQuant	45	1.0	0.5725806451612904	0.94662638469285	0.044715447154471545	0.9509357612544259
Isosceles + IsoQuant	48	1.0	0.6290322580645161	0.9537223340040242	0.04242424242424243	0.9556451612903226
Isosceles + IsoQuant	51	1.0	0.7450980392156863	0.973816717019134	0.049164208456243856	0.9621890547263682
Isosceles + IsoQuant	54	1.0	0.6944444444444444	0.9668008048289738	0.03610832497492478	0.9653440482169764
Isosceles + IsoQuant	57	1.0	0.6632653061224489	0.9668008048289738	0.03803803803803804	0.9643753135975915
Isosceles + IsoQuant	60	1.0	0.6288659793814433	0.9637462235649547	0.026449643947100712	0.9686234817813765
Isosceles + IsoQuant	63	1.0	0.7191011235955056	0.9748490945674044	0.025150905432595575	0.9748490945674044
Isosceles + IsoQuant	66	1.0	0.7894736842105263	0.9798590130916415	0.018163471241170535	0.9808467741935484
Isosceles + IsoQuant	69	1.0	0.7638888888888888	0.9828973843058351	0.023976023976023976	0.9794486215538847
Isosceles + IsoQuant	72	1.0	0.75	0.9768611670020121	0.01820020222446916	0.9793242561775088
Isosceles + IsoQuant	75	1.0	0.7763157894736842	0.9828801611278952	0.016129032258064516	0.9833753148614609
Isosceles + IsoQuant	78	1.0	0.7804878048780488	0.9818913480885312	0.01314459049544995	0.9843671205244579
Isosceles + IsoQuant	81	1.0	0.7941176470588235	0.9859013091641491	0.009109311740890687	0.9883897021706209
Isosceles + IsoQuant	84	1.0	0.8461538461538461	0.9879275653923542	0.014056224899598393	0.9869346733668342
Isosceles + IsoQuant	87	1.0	0.85	0.9879275653923542	0.003045685279187817	0.9924204143506822
Isosceles + IsoQuant	90	1.0	0.8591549295774648	0.9899295065458208	0.006066734074823054	0.9919273461150353
Isosceles + IsoQuant	93	1.0	0.8656716417910447	0.9909456740442656	0.007056451612903226	0.9919436052366566
Isosceles + IsoQuant	99	1.0	0.9206349206349206	0.9949698189134809	0.005030181086519115	0.9949698189134809
Isosceles	0	0.9113355780022446	0.11650485436893204	0.8289738430583501	0.04519119351100811	0.8874528809908454
Isosceles	3	0.9142212189616253	0.09259259259259259	0.8249496981891348	0.04540162980209546	0.8850512682137075
Isosceles	6	0.9155405405405406	0.09523809523809523	0.8288016112789527	0.04413472706155633	0.8878101402373247
Isosceles	9	0.9697309417040358	0.17647058823529413	0.8883299798792756	0.07150368033648791	0.9079691516709512
Isosceles	12	0.9841628959276018	0.16363636363636364	0.8933601609657947	0.07015706806282722	0.9112365315546435
Isosceles	15	0.9942462600690449	0.18548387096774194	0.8932527693856999	0.10494450050454086	0.8941532258064516
Isosceles	18	1.0	0.1826086956521739	0.9054325955734407	0.06639004149377593	0.9193054136874361
Isosceles	21	0.998868778280543	0.22018348623853212	0.9133937562940584	0.06204756980351603	0.9255102040816326
Isosceles	24	0.9988636363636364	0.24561403508771928	0.9124748490945674	0.054223149113660066	0.9288274449564772
Isosceles	27	1.0	0.225	0.9064386317907445	0.03429796355841372	0.9351323300467047
Isosceles	30	0.998849252013809	0.28225806451612906	0.9093655589123867	0.040382571732199786	0.9338159255429163
Isosceles	33	1.0	0.352	0.9185110663983903	0.06358974358974359	0.9273743016759777
Isosceles	36	1.0	0.3211009174311927	0.9254783484390735	0.042708333333333334	0.9411162314388121
Isosceles	39	1.0	0.3	0.9225352112676056	0.06808943089430894	0.9271991911021233
Isosceles	42	1.0	0.2857142857142857	0.9245472837022133	0.03263157894736842	0.9454732510288066
Isosceles	45	1.0	0.3709677419354839	0.9214501510574018	0.04288702928870293	0.9389430477167778
Isosceles	48	1.0	0.4435483870967742	0.9305835010060363	0.04835390946502058	0.940996948118006
Isosceles	51	1.0	0.49019607843137253	0.9476334340382678	0.04853387259858443	0.9495459132189707
Isosceles	54	1.0	0.4351851851851852	0.9386317907444668	0.03615702479338843	0.9510703363914373
Isosceles	57	1.0	0.37755102040816324	0.9386317907444668	0.032157676348547715	0.9530132788559755
Isosceles	60	1.0	0.28865979381443296	0.9305135951661632	0.029411764705882353	0.9501285347043702
Isosceles	63	1.0	0.39325842696629215	0.9456740442655935	0.023883696780893044	0.9606540623403168
Isosceles	66	1.0	0.4	0.9425981873111783	0.018867924528301886	0.9614791987673343
Isosceles	69	1.0	0.4166666666666667	0.9577464788732394	0.0205761316872428	0.9684638860630722
Isosceles	72	1.0	0.5217391304347826	0.9557344064386318	0.017580144777662874	0.9688934217236104
Isosceles	75	1.0	0.47368421052631576	0.959718026183283	0.016511867905056758	0.9714576962283384
Isosceles	78	1.0	0.4024390243902439	0.9507042253521126	0.011506276150627616	0.9692307692307692
Isosceles	81	1.0	0.5	0.9657603222557906	0.007246376811594203	0.9790709545686574
Isosceles	84	1.0	0.46153846153846156	0.9577464788732394	0.013471502590673576	0.9719244512506381
Isosceles	87	1.0	0.4875	0.9587525150905433	0.0031380753138075313	0.9774358974358974
Isosceles	90	1.0	0.5070422535211268	0.9647532729103726	0.005192107995846314	0.9795501022494888
Isosceles	93	1.0	0.5671641791044776	0.9708249496981891	0.008221993833504625	0.9811896288764617
Isosceles	99	1.0	0.5079365079365079	0.9688128772635815	0.005165289256198347	0.981651376146789
Isosceles + StringTie2	0	0.9023569023569024	0.1262135922330097	0.8219315895372233	0.0715909090909091	0.871931696905016
Isosceles + StringTie2	3	0.8984198645598194	0.09259259259259259	0.8108651911468813	0.07249712313003452	0.8652710681696189
Isosceles + StringTie2	6	0.9065315315315315	0.10476190476190476	0.8217522658610272	0.07061503416856492	0.8722608230892571
Isosceles + StringTie2	9	0.9506726457399103	0.17647058823529413	0.8712273641851107	0.08553326293558607	0.8923235445646573
Isosceles + StringTie2	12	0.9660633484162896	0.15454545454545454	0.8762575452716298	0.08508403361344538	0.895169578622816
Isosceles + StringTie2	15	0.9804372842347526	0.1935483870967742	0.8821752265861027	0.12048192771084337	0.8808446455505279
Isosceles + StringTie2	18	0.9806598407281001	0.19130434782608696	0.8893360160965795	0.08203530633437175	0.9034236075625958
Isosceles + StringTie2	21	0.9852941176470589	0.22018348623853212	0.9013091641490433	0.07445708376421924	0.9132653061224489
Isosceles + StringTie2	24	0.9829545454545454	0.24561403508771928	0.8983903420523138	0.06197478991596639	0.9177800616649537
Isosceles + StringTie2	27	0.988558352402746	0.24166666666666667	0.8983903420523138	0.05	0.9234746639089969
Isosceles + StringTie2	30	0.9884925201380897	0.33064516129032256	0.9063444108761329	0.04357066950053135	0.9307135470527405
Isosceles + StringTie2	33	0.9792865362485615	0.384	0.9044265593561368	0.07700205338809035	0.9136178861788617
Isosceles + StringTie2	36	0.9830316742081447	0.41284403669724773	0.9204431017119838	0.07113821138211382	0.9246332827516439
Isosceles + StringTie2	39	0.9932126696832579	0.35454545454545455	0.9225352112676056	0.07467204843592332	0.9239294710327456
Isosceles + StringTie2	42	0.9932508436445444	0.38095238095238093	0.9285714285714286	0.06389452332657201	0.9323232323232323
Isosceles + StringTie2	45	0.9884925201380897	0.46774193548387094	0.9234642497482377	0.07373737373737374	0.9248613212304589
Isosceles + StringTie2	48	0.993103448275862	0.5725806451612904	0.9406438631790744	0.054600606673407485	0.9430156328794755
Isosceles + StringTie2	51	0.9921436588103255	0.6176470588235294	0.9536757301107754	0.060515873015873016	0.9465267366316842
Isosceles + StringTie2	54	1.0	0.5925925925925926	0.9557344064386318	0.06219151036525173	0.9466865969108121
Isosceles + StringTie2	57	0.9921875	0.4897959183673469	0.9426559356136821	0.05353535353535353	0.9445564516129032
Isosceles + StringTie2	60	0.9933035714285714	0.5360824742268041	0.9486404833836858	0.048484848484848485	0.9500756429652042
Isosceles + StringTie2	63	0.994475138121547	0.6966292134831461	0.9678068410462777	0.04183266932270916	0.9629629629629629
Isosceles + StringTie2	66	0.9944320712694877	0.631578947368421	0.959718026183283	0.02854230377166157	0.9655521783181358
Isosceles + StringTie2	69	0.9989154013015185	0.625	0.971830985915493	0.034	0.9689067201604814
Isosceles + StringTie2	72	0.9933481152993349	0.7065217391304348	0.9668008048289738	0.02634245187436677	0.9702170620898536
Isosceles + StringTie2	75	0.9923664122137404	0.75	0.973816717019134	0.03396603396603397	0.9699097291875627
Isosceles + StringTie2	78	0.9956140350877193	0.7317073170731707	0.9738430583501007	0.025176233635448138	0.9743331655762456
Isosceles + StringTie2	81	0.9989189189189189	0.75	0.9818731117824774	0.013157894736842105	0.9843513377082281
Isosceles + StringTie2	84	0.9967248908296943	0.7051282051282052	0.9738430583501007	0.018255578093306288	0.9777777777777777
Isosceles + StringTie2	87	0.9956236323851203	0.7375	0.9748490945674044	0.009202453987730062	0.9827586206896551
Isosceles + StringTie2	90	0.9956616052060737	0.8028169014084507	0.9818731117824774	0.01015228426395939	0.9858442871587462
Isosceles + StringTie2	93	0.9946062567421791	0.7910447761194029	0.9808853118712274	0.0121580547112462	0.9843513377082281
Isosceles + StringTie2	99	0.9978517722878625	0.8095238095238095	0.9859154929577465	0.0070921985815602835	0.9893992932862191
LIQA + StringTie2	0	0.5735129068462402	0.0	0.5140845070422535	0.05545286506469501	0.6657980456026059
LIQA + StringTie2	3	0.6128668171557562	0.0	0.5462776659959758	0.05235602094240838	0.6930440331844289
LIQA + StringTie2	6	0.5585585585585585	0.009523809523809525	0.500503524672709	0.056925996204933584	0.6539473684210526
LIQA + StringTie2	9	0.6591928251121076	0.0	0.5915492957746479	0.008431703204047217	0.7410207939508506
LIQA + StringTie2	12	0.6640271493212669	0.0	0.5905432595573441	0.00676818950930626	0.7406940063091483
LIQA + StringTie2	15	0.7249712313003452	0.0	0.6344410876132931	0.009433962264150943	0.7734806629834254
LIQA + StringTie2	18	0.7133105802047781	0.0	0.630784708249497	0.009478672985781991	0.7707437000614629
LIQA + StringTie2	21	0.7680995475113123	0.0	0.6837865055387714	0.002936857562408223	0.8112305854241338
LIQA + StringTie2	24	0.7602272727272728	0.0	0.6730382293762576	0.0029806259314456036	0.8036036036036036
LIQA + StringTie2	27	0.7803203661327232	0.016666666666666666	0.6881287726358148	0.00145985401459854	0.8147706968433591
LIQA + StringTie2	30	0.7456846950517837	0.016129032258064516	0.6545820745216515	0.0	0.7912355447352404
LIQA + StringTie2	33	0.757192174913694	0.008	0.6629778672032193	0.009022556390977444	0.7944544906570223
LIQA + StringTie2	36	0.7590497737556561	0.009174311926605505	0.676737160120846	0.002967359050445104	0.8062387522495501
LIQA + StringTie2	39	0.7579185520361991	0.0	0.6740442655935613	0.004457652303120356	0.8038392321535693
LIQA + StringTie2	42	0.7480314960629921	0.01904761904761905	0.6710261569416499	0.0	0.8031306441902468
LIQA + StringTie2	45	0.7710011507479861	0.03225806451612903	0.6787512588116817	0.004431314623338257	0.807185628742515
LIQA + StringTie2	48	0.7781609195402299	0.016129032258064516	0.6830985915492958	0.002936857562408223	0.8107462686567164
LIQA + StringTie2	51	0.7665544332210998	0.00980392156862745	0.6888217522658611	0.004366812227074236	0.8142857142857143
LIQA + StringTie2	54	0.7528216704288939	0.037037037037037035	0.6750503018108652	0.005925925925925926	0.8040742959856201
LIQA + StringTie2	57	0.7700892857142857	0.02040816326530612	0.6961770623742455	0.004316546762589928	0.8194197750148017
LIQA + StringTie2	60	0.7366071428571429	0.061855670103092786	0.6706948640483383	0.010401188707280832	0.7995198079231692
LIQA + StringTie2	63	0.6961325966850829	0.0898876404494382	0.641851106639839	0.0046801872074883	0.7804281345565749
LIQA + StringTie2	66	0.6982182628062361	0.0	0.6314199395770392	0.006339144215530904	0.7721674876847291
LIQA + StringTie2	69	0.6778741865509761	0.0	0.6287726358148893	0.007936507936507936	0.7697044334975369
LIQA + StringTie2	72	0.6906873614190687	0.043478260869565216	0.630784708249497	0.011041009463722398	0.7702702702702703
LIQA + StringTie2	75	0.6390403489640131	0.039473684210526314	0.5931520644511581	0.01340033500837521	0.740880503144654
LIQA + StringTie2	78	0.6600877192982456	0.036585365853658534	0.6086519114688129	0.006568144499178982	0.7548346849656893
LIQA + StringTie2	81	0.6443243243243243	0.029411764705882353	0.6022155085599195	0.014827018121911038	0.7475
LIQA + StringTie2	84	0.6146288209606987	0.05128205128205128	0.5704225352112676	0.01391304347826087	0.722753346080306
LIQA + StringTie2	87	0.6192560175054704	0.075	0.5754527162977867	0.010380622837370242	0.727735368956743
LIQA + StringTie2	90	0.5932754880694143	0.014084507042253521	0.5518630412890232	0.02142857142857143	0.7057308435286542
LIQA + StringTie2	93	0.5749730312837109	0.029850746268656716	0.5382293762575453	0.02727272727272727	0.6930051813471503
LIQA + StringTie2	99	0.6090225563909775	0.0	0.5704225352112676	0.02072538860103627	0.7209154481881754
NanoCount + StringTie2	0	0.17059483726150393	0.0	0.1529175050301811	0.10588235294117647	0.2611683848797251
NanoCount + StringTie2	3	0.16252821670428894	0.0	0.1448692152917505	0.1111111111111111	0.2491349480968858
NanoCount + StringTie2	6	0.15653153153153154	0.009523809523809525	0.14098690835850958	0.11392405063291139	0.24326672458731538
NanoCount + StringTie2	9	0.2522421524663677	0.0	0.22635814889336017	0.021739130434782608	0.36764705882352944
NanoCount + StringTie2	12	0.248868778280543	0.0	0.22132796780684105	0.022222222222222223	0.3609515996718622
NanoCount + StringTie2	15	0.333716915995397	0.0	0.29204431017119836	0.00684931506849315	0.45136186770428016
NanoCount + StringTie2	18	0.3515358361774744	0.017391304347826087	0.31287726358148893	0.025078369905956112	0.4737242955064737
NanoCount + StringTie2	21	0.3936651583710407	0.0	0.3504531722054381	0.01694915254237288	0.5167037861915368
NanoCount + StringTie2	24	0.42613636363636365	0.0	0.3772635814889336	0.055415617128463476	0.5391804457225018
NanoCount + StringTie2	27	0.4782608695652174	0.03333333333333333	0.4245472837022133	0.007058823529411765	0.594785059901339
NanoCount + StringTie2	30	0.5017261219792866	0.04032258064516129	0.44410876132930516	0.0022624434389140274	0.6146341463414634
NanoCount + StringTie2	33	0.5040276179516686	0.024	0.44366197183098594	0.045454545454545456	0.6057692307692307
NanoCount + StringTie2	36	0.5305429864253394	0.12844036697247707	0.486404833836858	0.010245901639344262	0.6522619851451722
NanoCount + StringTie2	39	0.5486425339366516	0.05454545454545454	0.4939637826961771	0.012072434607645875	0.6586183769282361
NanoCount + StringTie2	42	0.5511811023622047	0.09523809523809523	0.5030181086519114	0.07918968692449356	0.6506180871828237
NanoCount + StringTie2	45	0.5880322209436134	0.1693548387096774	0.5357502517623364	0.020257826887661142	0.6927083333333334
NanoCount + StringTie2	48	0.6091954022988506	0.16129032258064516	0.5533199195171026	0.02654867256637168	0.7055805003207184
NanoCount + StringTie2	51	0.6419753086419753	0.19607843137254902	0.5961732124874118	0.005042016806722689	0.7455919395465995
NanoCount + StringTie2	54	0.6410835214446953	0.19444444444444445	0.5925553319919518	0.03758169934640523	0.7334993773349938
NanoCount + StringTie2	57	0.6685267857142857	0.17346938775510204	0.6197183098591549	0.017543859649122806	0.7600246761258482
NanoCount + StringTie2	60	0.6808035714285714	0.23711340206185566	0.6374622356495468	0.027649769585253458	0.7700729927007299
NanoCount + StringTie2	63	0.7248618784530386	0.3595505617977528	0.6921529175050302	0.017142857142857144	0.8122786304604487
NanoCount + StringTie2	66	0.7371937639198218	0.23157894736842105	0.6888217522658611	0.004366812227074236	0.8142857142857143
NanoCount + StringTie2	69	0.7516268980477223	0.19444444444444445	0.7112676056338029	0.027510316368638238	0.821615339918652
NanoCount + StringTie2	72	0.7960088691796009	0.33695652173913043	0.7535211267605634	0.01963350785340314	0.8521046643913538
NanoCount + StringTie2	75	0.806979280261723	0.35526315789473684	0.7724068479355488	0.01792573623559539	0.8647125140924464
NanoCount + StringTie2	78	0.8355263157894737	0.35365853658536583	0.795774647887324	0.012484394506866416	0.8813370473537604
NanoCount + StringTie2	81	0.8789189189189189	0.38235294117647056	0.8449144008056395	0.01410105757931845	0.9099783080260304
NanoCount + StringTie2	84	0.915938864628821	0.358974358974359	0.8722334004024145	0.012528473804100227	0.9262820512820513
NanoCount + StringTie2	87	0.9343544857768052	0.375	0.8893360160965795	0.014492753623188406	0.9349550502379693
NanoCount + StringTie2	90	0.9501084598698482	0.43661971830985913	0.9133937562940584	0.010905125408942203	0.949738219895288
NanoCount + StringTie2	93	0.9665587918015103	0.373134328358209	0.9265593561368209	0.00967741935483871	0.9573804573804574
NanoCount + StringTie2	99	0.9709989258861439	0.49206349206349204	0.9406438631790744	0.01888772298006296	0.96045197740113
