tool	ground_truth_percentile	TPR_annotated	TPR_unannotated	TPR_all	FDR_all	F1_all
Bambu	0	0.7106598984771574	0.0048543689320388345	0.5643863179074446	0.0	0.7215434083601286
Bambu	3	0.6775456919060052	0.0043859649122807015	0.5231388329979879	0.0	0.6869220607661823
Bambu	6	0.7152061855670103	0.004608294930875576	0.5599194360523666	0.0	0.7178825048418335
Bambu	9	0.7704697986577181	0.012048192771084338	0.5804828973843058	0.013675213675213675	0.7308423052564914
Bambu	12	0.8415300546448088	0.007633587786259542	0.6217303822937625	0.0112	0.7634342186534898
Bambu	15	0.8888888888888888	0.0	0.676737160120846	0.002967359050445104	0.8062387522495501
Bambu	18	0.8807339449541285	0.004329004329004329	0.6770623742454729	0.005908419497784343	0.805505685218432
Bambu	21	0.91688654353562	0.00425531914893617	0.7009063444108762	0.0028653295128939827	0.8231815493790656
Bambu	24	0.9231824417009602	0.011320754716981131	0.6800804828973843	0.0014771048744460858	0.8090963494913226
Bambu	27	0.9289617486338798	0.007633587786259542	0.6861167002012073	0.0014641288433382138	0.8133571854502087
Bambu	30	0.9482993197278912	0.011627906976744186	0.7049345417925479	0.0014265335235378032	0.8264462809917356
Bambu	33	0.9568627450980393	0.03056768558951965	0.7434607645875252	0.0013513513513513514	0.8523644752018454
Bambu	36	0.9541884816753927	0.039301310043668124	0.743202416918429	0.004048582995951417	0.8512110726643599
Bambu	39	0.9785522788203753	0.028225806451612902	0.7414486921529175	0.008075370121130552	0.8485895221646517
Bambu	42	0.9625806451612903	0.0365296803652968	0.7585513078470825	0.0013245033112582781	0.8622069754145226
Bambu	45	0.9772151898734177	0.06403940886699508	0.7905337361530715	0.0	0.8830146231721034
Bambu	48	0.9811320754716981	0.05527638190954774	0.795774647887324	0.0025220680958385876	0.885282596530498
Bambu	51	0.9727272727272728	0.06278026905829596	0.7683786505538771	0.0013089005235602095	0.8685258964143426
Bambu	54	0.9902200488997555	0.056818181818181816	0.8249496981891348	0.007263922518159807	0.9010989010989011
Bambu	57	0.9863013698630136	0.04712041884816754	0.8058350100603622	0.0012468827930174563	0.8919821826280624
Bambu	60	0.9861286254728878	0.065	0.8006042296072508	0.002509410288582183	0.888268156424581
Bambu	63	0.9915151515151515	0.1301775147928994	0.8450704225352113	0.0023752969121140144	0.9150326797385621
Bambu	66	0.9927884615384616	0.062111801242236024	0.8418932527693856	0.004761904761904762	0.9121658483360611
Bambu	69	0.991494532199271	0.1111111111111111	0.8400402414486922	0.003579952267303103	0.9115720524017468
Bambu	72	0.9917355371900827	0.14285714285714285	0.8661971830985915	0.003472222222222222	0.9268030139935415
Bambu	75	0.9963985594237695	0.11875	0.8549848942598187	0.007017543859649123	0.9188311688311688
Bambu	78	0.9928741092636579	0.17763157894736842	0.8682092555331992	0.0	0.929456112008616
Bambu	81	0.9929906542056075	0.20437956204379562	0.8841893252769386	0.0045351473922902496	0.9365333333333333
Bambu	84	0.9918032786885246	0.21428571428571427	0.8822937625754527	0.006795016987542469	0.9344698987746404
Bambu	87	0.9940758293838863	0.21333333333333335	0.8762575452716298	0.002290950744558992	0.9330476700589181
Bambu	90	0.996547756041427	0.2661290322580645	0.905337361530715	0.0022197558268590455	0.9493136219640972
Bambu	93	0.9988649262202043	0.26548672566371684	0.9154929577464789	0.0010976948408342481	0.9553805774278216
Bambu	99	0.9976553341148886	0.3333333333333333	0.903420523138833	0.003329633740288568	0.9477572559366755
Bambu + StringTie2	0	0.7106598984771574	0.0	0.5633802816901409	0.02268760907504363	0.7147415443522654
Bambu + StringTie2	3	0.6723237597911227	0.0	0.5181086519114688	0.02462121212121212	0.6767411300919842
Bambu + StringTie2	6	0.7100515463917526	0.0	0.5548841893252769	0.02304964539007092	0.7077713551701991
Bambu + StringTie2	9	0.7570469798657719	0.004016064257028112	0.56841046277666	0.027538726333907058	0.7174603174603175
Bambu + StringTie2	12	0.8387978142076503	0.0	0.6177062374245473	0.025396825396825397	0.7561576354679803
Bambu + StringTie2	15	0.8835978835978836	0.004219409282700422	0.6737160120845922	0.016176470588235296	0.7997609085475195
Bambu + StringTie2	18	0.8571428571428571	0.017316017316017316	0.6619718309859155	0.028064992614475627	0.7875523638539796
Bambu + StringTie2	21	0.8918205804749341	0.00851063829787234	0.6827794561933535	0.01881331403762663	0.8052256532066508
Bambu + StringTie2	24	0.9135802469135802	0.011320754716981131	0.6730382293762576	0.01762114537444934	0.7988059701492537
Bambu + StringTie2	27	0.9289617486338798	0.022900763358778626	0.6901408450704225	0.022792022792022793	0.8089622641509434
Bambu + StringTie2	30	0.9306122448979591	0.01937984496124031	0.6938569989929506	0.010057471264367816	0.8158673771462404
Bambu + StringTie2	33	0.9333333333333333	0.07423580786026202	0.7354124748490946	0.0214190093708166	0.8397472716829408
Bambu + StringTie2	36	0.9384816753926701	0.11353711790393013	0.7482376636455186	0.018494055482166448	0.8491428571428571
Bambu + StringTie2	39	0.9705093833780161	0.13306451612903225	0.761569416498994	0.023225806451612905	0.8558507631430187
Bambu + StringTie2	42	0.9509677419354838	0.1735159817351598	0.7796780684104627	0.02269861286254729	0.8673754896474538
Bambu + StringTie2	45	0.9721518987341772	0.2315270935960591	0.8207452165156093	0.021608643457382955	0.8926615553121577
Bambu + StringTie2	48	0.9723270440251572	0.25125628140703515	0.8279678068410463	0.02372479240806643	0.8960261295590637
Bambu + StringTie2	51	0.9727272727272728	0.33183856502242154	0.8288016112789527	0.03742690058479532	0.8906926406926406
Bambu + StringTie2	54	0.9816625916870416	0.3465909090909091	0.869215291750503	0.0281214848143982	0.9176845459373341
Bambu + StringTie2	57	0.9800747198007472	0.33507853403141363	0.8561368209255533	0.02631578947368421	0.911134903640257
Bambu + StringTie2	60	0.9836065573770492	0.385	0.8630412890231621	0.02944507361268403	0.9136460554371002
Bambu + StringTie2	63	0.9854545454545455	0.39644970414201186	0.8853118712273642	0.02654867256637168	0.9272918861959958
Bambu + StringTie2	66	0.9891826923076923	0.3416149068322981	0.8841893252769386	0.02983425414364641	0.9251844046364595
Bambu + StringTie2	69	0.9939246658566221	0.391812865497076	0.8903420523138833	0.02101769911504425	0.9325605900948367
Bambu + StringTie2	72	0.987012987012987	0.46938775510204084	0.9104627766599598	0.01737242128121607	0.9451697127937336
Bambu + StringTie2	75	0.9891956782713085	0.43125	0.8992950654582075	0.019758507135016465	0.9380252100840336
Bambu + StringTie2	78	0.9904988123515439	0.506578947368421	0.9164989939637826	0.025668449197860963	0.944530844997408
Bambu + StringTie2	81	0.9929906542056075	0.48905109489051096	0.9234642497482377	0.018201284796573874	0.9517384535547483
Bambu + StringTie2	84	0.9918032786885246	0.55	0.9295774647887324	0.01910828025477707	0.9545454545454546
Bambu + StringTie2	87	0.9928909952606635	0.49333333333333335	0.9175050301810865	0.01829924650161464	0.9485179407176287
Bambu + StringTie2	90	0.9953970080552359	0.5080645161290323	0.9345417925478349	0.010660980810234541	0.9611600207146557
Bambu + StringTie2	93	0.9931895573212258	0.5575221238938053	0.9436619718309859	0.011591148577449948	0.9655172413793104
Bambu + StringTie2	99	0.9988276670574443	0.5460992907801419	0.9346076458752515	0.014846235418875928	0.9592152813629323
ESPRESSO	0	0.315989847715736	0.0048543689320388345	0.2515090543259557	0.0	0.40192926045016075
ESPRESSO	3	0.32114882506527415	0.0043859649122807015	0.24849094567404426	0.0	0.3980660757453666
ESPRESSO	6	0.30541237113402064	0.0	0.23867069486404835	0.0	0.3853658536585366
ESPRESSO	9	0.3959731543624161	0.012048192771084338	0.29979879275653926	0.20107238605898123	0.4359912216532553
ESPRESSO	12	0.4494535519125683	0.003816793893129771	0.3319919517102616	0.18518518518518517	0.47176554681915656
ESPRESSO	15	0.5515873015873016	0.008438818565400843	0.4219536757301108	0.20793950850661624	0.5505913272010512
ESPRESSO	18	0.583224115334207	0.021645021645021644	0.45271629778672035	0.2946708463949843	0.5514705882352942
ESPRESSO	21	0.6147757255936676	0.02127659574468085	0.4743202416918429	0.12939001848428835	0.6140808344198174
ESPRESSO	24	0.6474622770919067	0.03773584905660377	0.48490945674044267	0.11882998171846434	0.6255678131083712
ESPRESSO	27	0.7144808743169399	0.06870229007633588	0.5442655935613682	0.13853503184713375	0.6670776818742293
ESPRESSO	30	0.7346938775510204	0.08527131782945736	0.5659617321248741	0.08469055374592833	0.6994399502177971
ESPRESSO	33	0.7738562091503268	0.1091703056768559	0.6207243460764588	0.11350574712643678	0.7301775147928994
ESPRESSO	36	0.7879581151832461	0.14847161572052403	0.6404833836858006	0.12033195020746888	0.7412587412587412
ESPRESSO	39	0.8203753351206434	0.17338709677419356	0.6589537223340041	0.10641200545702592	0.7585408222350898
ESPRESSO	42	0.7948387096774193	0.2511415525114155	0.6750503018108652	0.08458390177353342	0.7770700636942676
ESPRESSO	45	0.8658227848101265	0.2512315270935961	0.7401812688821753	0.07079646017699115	0.8239910313901345
ESPRESSO	48	0.879245283018868	0.3165829145728643	0.7665995975855131	0.05459057071960298	0.8466666666666667
ESPRESSO	51	0.8714285714285714	0.3273542600896861	0.7492447129909365	0.054637865311308764	0.8359550561797753
ESPRESSO	54	0.8875305623471883	0.44886363636363635	0.8098591549295775	0.03708133971291866	0.8797814207650273
ESPRESSO	57	0.9414694894146949	0.450261780104712	0.8470824949698189	0.036613272311212815	0.9014989293361885
ESPRESSO	60	0.9243379571248423	0.495	0.837865055387714	0.03592120509849363	0.896551724137931
ESPRESSO	63	0.9309090909090909	0.48520710059171596	0.8551307847082495	0.024110218140068886	0.9115281501340483
ESPRESSO	66	0.9495192307692307	0.5093167701863354	0.878147029204431	0.016910935738444193	0.9276595744680851
ESPRESSO	69	0.9538274605103281	0.5847953216374269	0.8903420523138833	0.018847006651884702	0.9335443037974683
ESPRESSO	72	0.9634002361275088	0.6530612244897959	0.9175050301810865	0.016181229773462782	0.9495054659031754
ESPRESSO	75	0.9723889555822329	0.70625	0.9295065458207452	0.006458557588805167	0.9604578563995838
ESPRESSO	78	0.9714964370546318	0.7894736842105263	0.9436619718309859	0.010548523206751054	0.9660144181256437
ESPRESSO	81	0.9742990654205608	0.7956204379562044	0.9496475327291037	0.013598326359832637	0.9676757311441765
ESPRESSO	84	0.9871194379391101	0.7642857142857142	0.9557344064386318	0.0073145245559038665	0.97385955920041
ESPRESSO	87	0.9881516587677726	0.8133333333333334	0.9617706237424547	0.00932642487046632	0.9760081674323634
ESPRESSO	90	0.9930955120828538	0.8387096774193549	0.973816717019134	0.003092783505154639	0.9852266938359654
ESPRESSO	93	0.9954597048808173	0.8053097345132744	0.9738430583501007	0.0071794871794871795	0.9832402234636871
ESPRESSO	99	0.9976553341148886	0.8936170212765957	0.9828973843058351	0.0020429009193054137	0.9903699949315763
ESPRESSO + StringTie2	0	0.315989847715736	0.0048543689320388345	0.2515090543259557	0.0196078431372549	0.400320256204964
ESPRESSO + StringTie2	3	0.32114882506527415	0.0043859649122807015	0.24849094567404426	0.01984126984126984	0.39646869983948635
ESPRESSO + StringTie2	6	0.30541237113402064	0.0	0.23867069486404835	0.02066115702479339	0.3838056680161943
ESPRESSO + StringTie2	9	0.3946308724832215	0.012048192771084338	0.2987927565392354	0.2037533512064343	0.43452816386247256
ESPRESSO + StringTie2	12	0.4494535519125683	0.003816793893129771	0.3319919517102616	0.18719211822660098	0.4714285714285714
ESPRESSO + StringTie2	15	0.5515873015873016	0.012658227848101266	0.4229607250755287	0.1907514450867052	0.5555555555555556
ESPRESSO + StringTie2	18	0.581913499344692	0.03463203463203463	0.45472837022132795	0.2662337662337662	0.5614906832298137
ESPRESSO + StringTie2	21	0.6147757255936676	0.029787234042553193	0.47633434038267874	0.12244897959183673	0.6174934725848564
ESPRESSO + StringTie2	24	0.6474622770919067	0.04150943396226415	0.4859154929577465	0.10720887245841035	0.6293159609120521
ESPRESSO + StringTie2	27	0.7144808743169399	0.08396946564885496	0.5482897384305835	0.11092985318107668	0.6782825140012445
ESPRESSO + StringTie2	30	0.7333333333333333	0.10465116279069768	0.5699899295065458	0.08116883116883117	0.7035425730267246
ESPRESSO + StringTie2	33	0.7699346405228759	0.13973799126637554	0.6247484909456741	0.14697802197802198	0.7212543554006968
ESPRESSO + StringTie2	36	0.7866492146596858	0.1965065502183406	0.6505538771399798	0.08885754583921016	0.7591069330199764
ESPRESSO + StringTie2	39	0.8203753351206434	0.23790322580645162	0.6750503018108652	0.09446693657219973	0.7734870317002882
ESPRESSO + StringTie2	42	0.7948387096774193	0.3424657534246575	0.6951710261569416	0.07620320855614973	0.7933409873708381
ESPRESSO + StringTie2	45	0.8645569620253165	0.3694581280788177	0.7633434038267876	0.07221542227662178	0.8375690607734807
ESPRESSO + StringTie2	48	0.879245283018868	0.4472361809045226	0.7927565392354124	0.04600484261501211	0.865934065934066
ESPRESSO + StringTie2	51	0.8714285714285714	0.5067264573991032	0.7895266868076536	0.054282267792521106	0.8605927552140505
ESPRESSO + StringTie2	54	0.8875305623471883	0.5625	0.829979879275654	0.04734411085450346	0.8870967741935484
ESPRESSO + StringTie2	57	0.9389788293897883	0.5863874345549738	0.8712273641851107	0.03670745272525028	0.9149498151082938
ESPRESSO + StringTie2	60	0.9230769230769231	0.65	0.8680765357502518	0.041156840934371525	0.9112050739957717
ESPRESSO + StringTie2	63	0.9309090909090909	0.6686390532544378	0.886317907444668	0.025442477876106196	0.928345626975764
ESPRESSO + StringTie2	66	0.9447115384615384	0.6211180124223602	0.892245720040282	0.01991150442477876	0.934106483921982
ESPRESSO + StringTie2	69	0.9538274605103281	0.672514619883041	0.9054325955734407	0.028077753779697623	0.9375
ESPRESSO + StringTie2	72	0.9622195985832349	0.7891156462585034	0.9366197183098591	0.014814814814814815	0.9602888086642599
ESPRESSO + StringTie2	75	0.9711884753901561	0.75625	0.9365558912386707	0.010638297872340425	0.9622348680807036
ESPRESSO + StringTie2	78	0.9714964370546318	0.8421052631578947	0.9517102615694165	0.013555787278415016	0.9687660010240655
ESPRESSO + StringTie2	81	0.9742990654205608	0.8613138686131386	0.9587109768378651	0.012448132780082987	0.972917731221257
ESPRESSO + StringTie2	84	0.9859484777517564	0.8428571428571429	0.96579476861167	0.010309278350515464	0.9775967413441955
ESPRESSO + StringTie2	87	0.9869668246445498	0.8666666666666667	0.9688128772635815	0.010277492291880781	0.9791560752414845
ESPRESSO + StringTie2	90	0.9930955120828538	0.8548387096774194	0.9758308157099698	0.006153846153846154	0.9847560975609756
ESPRESSO + StringTie2	93	0.9954597048808173	0.831858407079646	0.9768611670020121	0.005122950819672131	0.9857868020304569
ESPRESSO + StringTie2	99	0.9976553341148886	0.8865248226950354	0.9818913480885312	0.006109979633401222	0.9878542510121457
FLAIR	0	0.12309644670050761	0.043689320388349516	0.10663983903420524	0.009345794392523364	0.19255222524977295
FLAIR	3	0.11357702349869452	0.06578947368421052	0.10261569416498995	0.0	0.18613138686131386
FLAIR	6	0.11984536082474227	0.04608294930875576	0.10372608257804633	0.0	0.18795620437956204
FLAIR	9	0.2214765100671141	0.08032128514056225	0.18611670020120724	0.015957446808510637	0.3130287648054145
FLAIR	12	0.2677595628415301	0.1183206106870229	0.2283702213279678	0.013043478260869565	0.3709150326797386
FLAIR	15	0.3544973544973545	0.13924050632911392	0.3031218529707956	0.44871794871794873	0.39116309291747886
FLAIR	18	0.39580602883355176	0.15151515151515152	0.33903420523138833	0.3927927927927928	0.43511943189154295
FLAIR	21	0.4525065963060686	0.2170212765957447	0.39677744209466265	0.30755711775043937	0.5044814340588989
FLAIR	24	0.44718792866941015	0.15849056603773584	0.3702213279678068	0.2727272727272727	0.49066666666666664
FLAIR	27	0.5669398907103825	0.1984732824427481	0.46981891348088534	0.2528	0.576899320568252
FLAIR	30	0.582312925170068	0.24806201550387597	0.4954682779456193	0.17587939698492464	0.6188679245283019
FLAIR	33	0.6366013071895424	0.25327510917030566	0.5482897384305835	0.2323943661971831	0.6396713615023474
FLAIR	36	0.643979057591623	0.24017467248908297	0.5508559919436052	0.2106782106782107	0.6488730723606169
FLAIR	39	0.6715817694369973	0.2903225806451613	0.5764587525150905	0.2672634271099744	0.6452702702702703
FLAIR	42	0.6425806451612903	0.3013698630136986	0.5674044265593562	0.20226308345120225	0.6631393298059964
FLAIR	45	0.720253164556962	0.3251231527093596	0.6394763343403826	0.15894039735099338	0.7265446224256293
FLAIR	48	0.7220125786163522	0.2663316582914573	0.630784708249497	0.1527027027027027	0.7231833910034602
FLAIR	51	0.7532467532467533	0.4125560538116592	0.676737160120846	0.22669735327963175	0.7218045112781954
FLAIR	54	0.7334963325183375	0.2784090909090909	0.6529175050301811	0.18158890290037832	0.7263570229434807
FLAIR	57	0.7833125778331258	0.29842931937172773	0.6901408450704225	0.1872037914691943	0.7464635473340587
FLAIR	60	0.7755359394703657	0.3	0.6797583081570997	0.19451073985680192	0.7373020207536866
FLAIR	63	0.7830303030303031	0.3668639053254438	0.7122736418511066	0.19818799546998866	0.7543953116675546
FLAIR	66	0.7896634615384616	0.2484472049689441	0.701913393756294	0.18859138533178113	0.7526997840172787
FLAIR	69	0.8165249088699879	0.32748538011695905	0.7323943661971831	0.20955483170466885	0.760313315926893
FLAIR	72	0.7792207792207793	0.3333333333333333	0.7132796780684104	0.20782122905027933	0.7506617257808365
FLAIR	75	0.8007202881152461	0.25	0.7119838872104733	0.18076477404403243	0.7618534482758621
FLAIR	78	0.7612826603325415	0.25	0.6830985915492958	0.23536036036036037	0.7215727948990436
FLAIR	81	0.7126168224299065	0.32116788321167883	0.6586102719033232	0.23149236192714454	0.7093275488069414
FLAIR	84	0.7224824355971897	0.2357142857142857	0.6539235412474849	0.28017718715393136	0.6852925672113864
FLAIR	87	0.659952606635071	0.3	0.6056338028169014	0.3251121076233184	0.6383881230116649
FLAIR	90	0.570771001150748	0.21774193548387097	0.526686807653575	0.37440191387559807	0.5718972115910333
FLAIR	93	0.44948921679909193	0.168141592920354	0.41750503018108653	0.463130659767141	0.46972269383135257
FLAIR	99	0.36811254396248533	0.14184397163120568	0.33601609657947684	0.5468113975576662	0.3859041016753322
FLAIR + StringTie2	0	0.13071065989847716	0.043689320388349516	0.11267605633802817	0.008849557522123894	0.2023486901535682
FLAIR + StringTie2	3	0.11488250652741515	0.06140350877192982	0.10261569416498995	0.009708737864077669	0.18596171376481313
FLAIR + StringTie2	6	0.11855670103092783	0.05069124423963134	0.10372608257804633	0.009615384615384616	0.18778486782133091
FLAIR + StringTie2	9	0.21476510067114093	0.08835341365461848	0.18309859154929578	0.016216216216216217	0.3087362171331637
FLAIR + StringTie2	12	0.26229508196721313	0.11450381679389313	0.22334004024144868	0.008928571428571428	0.3645320197044335
FLAIR + StringTie2	15	0.3558201058201058	0.13924050632911392	0.3041289023162135	0.4747826086956522	0.3852040816326531
FLAIR + StringTie2	18	0.3944954128440367	0.1341991341991342	0.33400402414486924	0.4018018018018018	0.4286636539703034
FLAIR + StringTie2	21	0.44591029023746703	0.20425531914893616	0.38872104733131924	0.3204225352112676	0.4945547725816784
FLAIR + StringTie2	24	0.4567901234567901	0.1660377358490566	0.37927565392354123	0.28053435114503816	0.49670619235836627
FLAIR + StringTie2	27	0.5792349726775956	0.1984732824427481	0.4788732394366197	0.24921135646687698	0.5847665847665847
FLAIR + StringTie2	30	0.5795918367346938	0.2441860465116279	0.49244712990936557	0.1711864406779661	0.6178142766898295
FLAIR + StringTie2	33	0.6326797385620915	0.2576419213973799	0.5462776659959758	0.24896265560165975	0.6324985439720443
FLAIR + StringTie2	36	0.6557591623036649	0.22270742358078602	0.5558912386706949	0.21923620933521923	0.6494117647058824
FLAIR + StringTie2	39	0.67828418230563	0.2701612903225806	0.5764587525150905	0.2846441947565543	0.6384401114206129
FLAIR + StringTie2	42	0.6490322580645161	0.2465753424657534	0.5603621730382293	0.1985611510791367	0.6595618709295441
FLAIR + StringTie2	45	0.7177215189873418	0.22167487684729065	0.6163141993957704	0.16164383561643836	0.710388856645386
FLAIR + StringTie2	48	0.7371069182389937	0.20100502512562815	0.6297786720321932	0.14945652173913043	0.7236994219653179
FLAIR + StringTie2	51	0.7688311688311689	0.2645739910313901	0.6555891238670695	0.20512820512820512	0.7185430463576159
FLAIR + StringTie2	54	0.7371638141809291	0.1875	0.6398390342052314	0.1497326203208556	0.730195177956372
FLAIR + StringTie2	57	0.800747198007472	0.2094240837696335	0.6871227364185111	0.17412333736396615	0.7501372872048325
FLAIR + StringTie2	60	0.7944514501891551	0.21	0.676737160120846	0.18446601941747573	0.7396807925151349
FLAIR + StringTie2	63	0.7903030303030303	0.2485207100591716	0.6981891348088531	0.19861431870669746	0.7462365591397849
FLAIR + StringTie2	66	0.8004807692307693	0.2111801242236025	0.7049345417925479	0.16666666666666666	0.7637752318603382
FLAIR + StringTie2	69	0.8213851761846902	0.18128654970760233	0.7112676056338029	0.18828932261768083	0.7581769436997319
FLAIR + StringTie2	72	0.7992916174734357	0.17687074829931973	0.7072434607645876	0.19748858447488585	0.7518716577540107
FLAIR + StringTie2	75	0.8163265306122449	0.18125	0.7139979859013091	0.18223760092272204	0.7623655913978494
FLAIR + StringTie2	78	0.7779097387173397	0.17105263157894737	0.6851106639839034	0.1988235294117647	0.7386117136659436
FLAIR + StringTie2	81	0.7301401869158879	0.21897810218978103	0.6596173212487412	0.2174432497013142	0.7158469945355191
FLAIR + StringTie2	84	0.7400468384074942	0.09285714285714286	0.6488933601609658	0.2534722222222222	0.6942949407965554
FLAIR + StringTie2	87	0.6777251184834123	0.2	0.6056338028169014	0.3143507972665148	0.6431623931623932
FLAIR + StringTie2	90	0.5868814729574223	0.14516129032258066	0.5317220543806647	0.33668341708542715	0.5902738960313024
FLAIR + StringTie2	93	0.4869466515323496	0.10619469026548672	0.44366197183098594	0.43316195372750643	0.49774266365688485
FLAIR + StringTie2	99	0.3950762016412661	0.11347517730496454	0.3551307847082495	0.5190735694822888	0.4085648148148148
IsoQuant	0	0.5038071065989848	0.0048543689320388345	0.40040241448692154	0.0	0.5718390804597702
IsoQuant	3	0.5104438642297651	0.0043859649122807015	0.39436619718309857	0.0	0.5656565656565656
IsoQuant	6	0.5051546391752577	0.009216589861751152	0.39677744209466265	0.0	0.5681326604181687
IsoQuant	9	0.6161073825503356	0.04819277108433735	0.4738430583501006	0.0	0.6430034129692833
IsoQuant	12	0.7295081967213115	0.05343511450381679	0.5513078470824949	0.0	0.7107652399481194
IsoQuant	15	0.791005291005291	0.05063291139240506	0.6143001007049346	0.0016366612111292963	0.7605985037406484
IsoQuant	18	0.7916120576671035	0.09523809523809523	0.6297786720321932	0.006349206349206349	0.770935960591133
IsoQuant	21	0.8601583113456465	0.13191489361702127	0.6878147029204431	0.007267441860465116	0.8126115407495539
IsoQuant	24	0.8491083676268861	0.16226415094339622	0.6659959758551308	0.0030120481927710845	0.7985524728588661
IsoQuant	27	0.8920765027322405	0.183206106870229	0.7052313883299799	0.0	0.8271386430678466
IsoQuant	30	0.9156462585034013	0.1937984496124031	0.7280966767371602	0.002758620689655172	0.8416763678696159
IsoQuant	33	0.9267973856209151	0.27510917030567683	0.7766599597585513	0.007712082262210797	0.871331828442438
IsoQuant	36	0.918848167539267	0.33624454148471616	0.7844914400805639	0.007643312101910828	0.876265466816648
IsoQuant	39	0.9557640750670241	0.4032258064516129	0.817907444668008	0.006112469437652812	0.8973509933774835
IsoQuant	42	0.9380645161290323	0.4155251141552511	0.8229376257545271	0.008484848484848486	0.8993952721275426
IsoQuant	45	0.970886075949367	0.43349753694581283	0.8610271903323263	0.006968641114982578	0.9223300970873787
IsoQuant	48	0.9635220125786164	0.4271356783919598	0.8561368209255533	0.011614401858304297	0.9175202156334232
IsoQuant	51	0.9636363636363636	0.4618834080717489	0.850956696878147	0.0058823529411764705	0.9169831795984807
IsoQuant	54	0.9584352078239609	0.5340909090909091	0.8832997987927566	0.009029345372460496	0.9340425531914893
IsoQuant	57	0.9775840597758406	0.5392670157068062	0.8933601609657947	0.015521064301552107	0.9367088607594937
IsoQuant	60	0.9773013871374527	0.57	0.8952668680765358	0.016592920353982302	0.9372693726937269
IsoQuant	63	0.9806060606060606	0.5798816568047337	0.9124748490945674	0.0065717415115005475	0.951232302045097
IsoQuant	66	0.9939903846153846	0.577639751552795	0.9264853977844915	0.0032502708559046588	0.9603340292275574
IsoQuant	69	0.9902794653705954	0.6257309941520468	0.9275653923541247	0.014957264957264958	0.9554404145077721
IsoQuant	72	0.987012987012987	0.6938775510204082	0.9436619718309859	0.010548523206751054	0.9660144181256437
IsoQuant	75	0.9903961584633854	0.61875	0.9305135951661632	0.004310344827586207	0.9619989588755856
IsoQuant	78	0.9916864608076009	0.7171052631578947	0.9496981891348089	0.00631578947368421	0.9711934156378601
IsoQuant	81	0.9906542056074766	0.6861313868613139	0.9486404833836858	0.00946372239747634	0.9691358024691358
IsoQuant	84	0.9882903981264637	0.7428571428571429	0.9537223340040242	0.0125	0.970317297850563
IsoQuant	87	0.9940758293838863	0.7	0.9496981891348089	0.0031678986272439284	0.9726944873776404
IsoQuant	90	0.996547756041427	0.6935483870967742	0.9587109768378651	0.0020964360587002098	0.977914740626605
IsoQuant	93	0.996594778660613	0.6991150442477876	0.9627766599597586	0.007261410788381743	0.9775280898876404
IsoQuant	99	0.9988276670574443	0.7588652482269503	0.9647887323943662	0.005186721991701245	0.9795709908069459
IsoQuant + StringTie2	0	0.4949238578680203	0.0048543689320388345	0.3933601609657948	0.007614213197969543	0.5634005763688761
IsoQuant + StringTie2	3	0.5026109660574413	0.0043859649122807015	0.38832997987927564	0.005154639175257732	0.5586107091172214
IsoQuant + StringTie2	6	0.5038659793814433	0.009216589861751152	0.3957703927492447	0.005063291139240506	0.5662824207492796
IsoQuant + StringTie2	9	0.6067114093959731	0.04819277108433735	0.46680080482897385	0.006423982869379015	0.6351813826146475
IsoQuant + StringTie2	12	0.7158469945355191	0.05343511450381679	0.5412474849094567	0.003703703703703704	0.7014341590612777
IsoQuant + StringTie2	15	0.7804232804232805	0.05485232067510549	0.6072507552870091	0.006589785831960461	0.75375
IsoQuant + StringTie2	18	0.7745740498034076	0.10822510822510822	0.6197183098591549	0.017543859649122806	0.7600246761258482
IsoQuant + StringTie2	21	0.8456464379947229	0.14042553191489363	0.6787512588116817	0.011730205278592375	0.8047761194029851
IsoQuant + StringTie2	24	0.840877914951989	0.1660377358490566	0.6609657947686117	0.0075528700906344415	0.7934782608695652
IsoQuant + StringTie2	27	0.8811475409836066	0.1984732824427481	0.7012072434607646	0.005706134094151213	0.8224188790560472
IsoQuant + StringTie2	30	0.8952380952380953	0.2054263565891473	0.716012084592145	0.0014044943820224719	0.8340175953079179
IsoQuant + StringTie2	33	0.9019607843137255	0.28820960698689957	0.7605633802816901	0.014341590612777053	0.858603066439523
IsoQuant + StringTie2	36	0.9044502617801047	0.37554585152838427	0.7824773413897281	0.012706480304955527	0.8730337078651685
IsoQuant + StringTie2	39	0.9396782841823056	0.43548387096774194	0.8138832997987927	0.019393939393939394	0.8894997251236944
IsoQuant + StringTie2	42	0.9238709677419354	0.4474885844748858	0.8189134808853119	0.022809123649459785	0.8910782703886152
IsoQuant + StringTie2	45	0.9569620253164557	0.4827586206896552	0.8600201409869084	0.01726121979286536	0.9172932330827067
IsoQuant + StringTie2	48	0.9509433962264151	0.4623115577889447	0.8531187122736419	0.02304147465437788	0.9108485499462943
IsoQuant + StringTie2	51	0.951948051948052	0.5560538116591929	0.8630412890231621	0.03490990990990991	0.911217437533227
IsoQuant + StringTie2	54	0.9449877750611247	0.6193181818181818	0.8873239436619719	0.0350109409190372	0.9245283018867925
IsoQuant + StringTie2	57	0.9651307596513076	0.6282722513089005	0.9004024144869215	0.0438034188034188	0.927461139896373
IsoQuant + StringTie2	60	0.9634300126103404	0.645	0.8992950654582075	0.025109170305676855	0.9355683603981142
IsoQuant + StringTie2	63	0.9709090909090909	0.6390532544378699	0.9144869215291751	0.029882604055496264	0.9414810978767478
IsoQuant + StringTie2	66	0.9807692307692307	0.6459627329192547	0.9264853977844915	0.029535864978902954	0.9479649665121072
IsoQuant + StringTie2	69	0.982989064398542	0.672514619883041	0.9295774647887324	0.040498442367601244	0.9443025038323966
IsoQuant + StringTie2	72	0.9811097992916175	0.7619047619047619	0.9486921529175051	0.029835390946502057	0.9593082400813835
IsoQuant + StringTie2	75	0.9807923169267707	0.69375	0.9345417925478349	0.029288702928870293	0.9522832221652129
IsoQuant + StringTie2	78	0.9845605700712589	0.7697368421052632	0.9517102615694165	0.03665987780040733	0.9574898785425101
IsoQuant + StringTie2	81	0.9894859813084113	0.7591240875912408	0.9577039274924471	0.031568228105906315	0.9630379746835444
IsoQuant + StringTie2	84	0.9836065573770492	0.8285714285714286	0.9617706237424547	0.021494370522006142	0.9700659563673262
IsoQuant + StringTie2	87	0.9893364928909952	0.8066666666666666	0.9617706237424547	0.00932642487046632	0.9760081674323634
IsoQuant + StringTie2	90	0.9896432681242808	0.782258064516129	0.9637462235649547	0.011363636363636364	0.9760326364099949
IsoQuant + StringTie2	93	0.9920544835414302	0.7787610619469026	0.9678068410462777	0.013333333333333334	0.9771457592686643
IsoQuant + StringTie2	99	0.9976553341148886	0.8226950354609929	0.9728370221327968	0.013265306122448979	0.9797365754812564
Isosceles + IsoQuant	0	0.9048223350253807	0.0970873786407767	0.7374245472837022	0.05419354838709677	0.8287167891464104
Isosceles + IsoQuant	3	0.8994778067885117	0.14473684210526316	0.7263581488933601	0.0549738219895288	0.8213879408418657
Isosceles + IsoQuant	6	0.9085051546391752	0.07373271889400922	0.7260825780463243	0.05380577427821522	0.8216524216524217
Isosceles + IsoQuant	9	0.963758389261745	0.1686746987951807	0.7645875251509054	0.08433734939759036	0.8333333333333334
Isosceles + IsoQuant	12	0.9849726775956285	0.1946564885496183	0.7766599597585513	0.08204518430439953	0.84141689373297
Isosceles + IsoQuant	15	0.9933862433862434	0.2320675105485232	0.8116817724068479	0.11816192560175055	0.8453067645516518
Isosceles + IsoQuant	18	1.0	0.22510822510822512	0.8199195171026157	0.08220720720720721	0.8660998937300743
Isosceles + IsoQuant	21	0.9986807387862797	0.3148936170212766	0.8368580060422961	0.07666666666666666	0.8779714738510301
Isosceles + IsoQuant	24	0.9986282578875172	0.3018867924528302	0.8128772635814889	0.056074766355140186	0.8735135135135135
Isosceles + IsoQuant	27	1.0	0.366412213740458	0.8329979879275654	0.041666666666666664	0.891280947255113
Isosceles + IsoQuant	30	0.998639455782313	0.3953488372093023	0.8418932527693856	0.046750285062713795	0.8941176470588236
Isosceles + IsoQuant	33	1.0	0.47161572052401746	0.8782696177062375	0.06129032258064516	0.9074844074844075
Isosceles + IsoQuant	36	1.0	0.519650655021834	0.8892245720040282	0.05359056806002144	0.9169262720664589
Isosceles + IsoQuant	39	1.0	0.5725806451612904	0.8933601609657947	0.07210031347962383	0.9103024090210149
Isosceles + IsoQuant	42	1.0	0.589041095890411	0.9094567404426559	0.05439330543933055	0.9271794871794872
Isosceles + IsoQuant	45	1.0	0.5665024630541872	0.9113796576032226	0.04334038054968287	0.9334708612686952
Isosceles + IsoQuant	48	1.0	0.6030150753768844	0.920523138832998	0.04885654885654886	0.9355828220858896
Isosceles + IsoQuant	51	1.0	0.6681614349775785	0.9254783484390735	0.04963805584281282	0.9377551020408164
Isosceles + IsoQuant	54	1.0	0.7045454545454546	0.9476861167002012	0.0465587044534413	0.9505549949545913
Isosceles + IsoQuant	57	1.0	0.6910994764397905	0.9406438631790744	0.033092037228541885	0.9535951045385007
Isosceles + IsoQuant	60	1.0	0.72	0.9436052366565961	0.02598752598752599	0.9585677749360614
Isosceles + IsoQuant	63	1.0	0.7751479289940828	0.9617706237424547	0.018480492813141684	0.9715447154471545
Isosceles + IsoQuant	66	1.0	0.7329192546583851	0.9566968781470292	0.020618556701030927	0.9679062659195109
Isosceles + IsoQuant	69	1.0	0.7894736842105263	0.9637826961770624	0.018442622950819672	0.9725888324873097
Isosceles + IsoQuant	72	1.0	0.8503401360544217	0.9778672032193159	0.022132796780684104	0.9778672032193159
Isosceles + IsoQuant	75	1.0	0.79375	0.9667673716012085	0.01940755873340143	0.973630831643002
Isosceles + IsoQuant	78	1.0	0.8223684210526315	0.9728370221327968	0.017276422764227643	0.9777553083923155
Isosceles + IsoQuant	81	1.0	0.8321167883211679	0.9768378650553877	0.004106776180698152	0.9862735129639044
Isosceles + IsoQuant	84	1.0	0.8571428571428571	0.9798792756539235	0.01616161616161616	0.9818548387096774
Isosceles + IsoQuant	87	1.0	0.86	0.9788732394366197	0.0040941658137154556	0.9873160832064941
Isosceles + IsoQuant	90	1.0	0.8225806451612904	0.9778449144008057	0.007157464212678937	0.9852866565195332
Isosceles + IsoQuant	93	1.0	0.8495575221238938	0.9828973843058351	0.006103763987792472	0.9883662114314619
Isosceles + IsoQuant	99	1.0	0.8723404255319149	0.9818913480885312	0.006109979633401222	0.9878542510121457
Isosceles	0	0.9048223350253807	0.09223300970873786	0.7364185110663984	0.05181347150259067	0.8289920724801813
Isosceles	3	0.8994778067885117	0.14035087719298245	0.7253521126760564	0.05131578947368421	0.82212086659065
Isosceles	6	0.9085051546391752	0.059907834101382486	0.7230614300100705	0.05151915455746367	0.8205714285714286
Isosceles	9	0.963758389261745	0.13654618473895583	0.7565392354124748	0.0784313725490196	0.830939226519337
Isosceles	12	0.9849726775956285	0.16030534351145037	0.7676056338028169	0.0773881499395405	0.8380010982976387
Isosceles	15	0.9933862433862434	0.18565400843881857	0.8006042296072508	0.09966024915062288	0.847547974413646
Isosceles	18	1.0	0.1471861471861472	0.8018108651911469	0.08285385500575373	0.8556092324208266
Isosceles	21	0.9986807387862797	0.2425531914893617	0.8197381671701913	0.06329113924050633	0.874328678839957
Isosceles	24	0.9986282578875172	0.2	0.7857142857142857	0.05790108564535585	0.8568294020844761
Isosceles	27	1.0	0.22900763358778625	0.7967806841046278	0.04	0.8708081363386476
Isosceles	30	0.998639455782313	0.29069767441860467	0.8147029204431017	0.03345280764635603	0.8841530054644808
Isosceles	33	1.0	0.29694323144104806	0.8380281690140845	0.06823266219239374	0.8824152542372882
Isosceles	36	1.0	0.30131004366812225	0.8388721047331319	0.04472477064220184	0.8932975871313673
Isosceles	39	1.0	0.3346774193548387	0.8340040241448692	0.0778642936596218	0.8758584257791865
Isosceles	42	1.0	0.3561643835616438	0.858148893360161	0.05432372505543237	0.8997890295358649
Isosceles	45	1.0	0.32019704433497537	0.8610271903323263	0.048943270300333706	0.9038054968287527
Isosceles	48	1.0	0.2864321608040201	0.8571428571428571	0.03728813559322034	0.9068653539116551
Isosceles	51	1.0	0.484304932735426	0.8841893252769386	0.04772234273318872	0.9169712793733682
Isosceles	54	1.0	0.3977272727272727	0.8933601609657947	0.04516129032258064	0.9230769230769231
Isosceles	57	1.0	0.35602094240837695	0.8762575452716298	0.035437430786267994	0.9182920400632578
Isosceles	60	1.0	0.33	0.865055387713998	0.030474040632054177	0.9143161255987228
Isosceles	63	1.0	0.46153846153846156	0.9084507042253521	0.022727272727272728	0.9416058394160584
Isosceles	66	1.0	0.40993788819875776	0.904330312185297	0.022850924918389554	0.9393305439330544
Isosceles	69	1.0	0.4269005847953216	0.9014084507042254	0.017543859649122806	0.9401888772298006
Isosceles	72	1.0	0.5170068027210885	0.9285714285714286	0.015991471215351813	0.9554865424430642
Isosceles	75	1.0	0.4375	0.9093655589123867	0.025889967637540454	0.940625
Isosceles	78	1.0	0.42105263157894735	0.9114688128772636	0.015217391304347827	0.9467084639498433
Isosceles	81	1.0	0.48905109489051096	0.9295065458207452	0.006458557588805167	0.9604578563995838
Isosceles	84	1.0	0.4714285714285714	0.9255533199195171	0.010752688172043012	0.9563409563409564
Isosceles	87	1.0	0.56	0.9336016096579477	0.0074866310160427805	0.96215655780197
Isosceles	90	1.0	0.49193548387096775	0.9365558912386707	0.00641025641025641	0.9642301710730948
Isosceles	93	1.0	0.4336283185840708	0.9356136820925554	0.0053475935828877	0.9642301710730948
Isosceles	99	1.0	0.4397163120567376	0.920523138832998	0.007592190889370932	0.9551148225469729
Isosceles + StringTie2	0	0.8946700507614214	0.0970873786407767	0.7293762575452716	0.07525510204081633	0.8155230596175478
Isosceles + StringTie2	3	0.8851174934725848	0.14035087719298245	0.7142857142857143	0.07552083333333333	0.8059023836549376
Isosceles + StringTie2	6	0.9033505154639175	0.059907834101382486	0.7190332326283988	0.07512953367875648	0.8090651558073655
Isosceles + StringTie2	9	0.9476510067114094	0.14056224899598393	0.7454728370221329	0.0874384236453202	0.8205980066445183
Isosceles + StringTie2	12	0.9699453551912568	0.15648854961832062	0.755533199195171	0.08526187576126674	0.8275482093663912
Isosceles + StringTie2	15	0.9854497354497355	0.19831223628691982	0.797583081570997	0.13062568605927552	0.8319327731092437
Isosceles + StringTie2	18	0.9777195281782438	0.16017316017316016	0.7877263581488934	0.09375	0.8428417653390743
Isosceles + StringTie2	21	0.9841688654353562	0.24680851063829787	0.8096676737160121	0.0726643598615917	0.864516129032258
Isosceles + StringTie2	24	0.9849108367626886	0.20754716981132076	0.7776659959758552	0.07202881152460984	0.8461959496442255
Isosceles + StringTie2	27	0.9863387978142076	0.2595419847328244	0.7947686116700201	0.0650887573964497	0.8591625883632409
Isosceles + StringTie2	30	0.9863945578231292	0.3023255813953488	0.8086606243705942	0.057511737089201875	0.870460704607046
Isosceles + StringTie2	33	0.9803921568627451	0.3537117903930131	0.8360160965794768	0.07973421926910298	0.8761201897733263
Isosceles + StringTie2	36	0.9882198952879581	0.3930131004366812	0.850956696878147	0.06215316315205328	0.8922914466737064
Isosceles + StringTie2	39	0.9932975871313673	0.4112903225806452	0.8480885311871227	0.08864864864864865	0.8785825951016154
Isosceles + StringTie2	42	0.9909677419354839	0.4292237442922374	0.8672032193158954	0.08589607635206786	0.890036138358286
Isosceles + StringTie2	45	0.9898734177215189	0.4482758620689655	0.879154078549849	0.07521186440677965	0.9013939081053175
Isosceles + StringTie2	48	0.9949685534591195	0.4623115577889447	0.8883299798792756	0.06263269639065817	0.9121900826446281
Isosceles + StringTie2	51	0.9935064935064936	0.6322869955156951	0.9123867069486404	0.06790123456790123	0.9221374045801527
Isosceles + StringTie2	54	0.9987775061124694	0.5909090909090909	0.9265593561368209	0.07622868605817452	0.9251632345554998
Isosceles + StringTie2	57	0.9925280199252802	0.5392670157068062	0.9054325955734407	0.055613850996852045	0.9244992295839753
Isosceles + StringTie2	60	0.9911727616645649	0.6	0.9123867069486404	0.04931794333683106	0.9311408016443987
Isosceles + StringTie2	63	0.9951515151515151	0.6923076923076923	0.9436619718309859	0.04285714285714286	0.950354609929078
Isosceles + StringTie2	66	0.9951923076923077	0.6273291925465838	0.9355488418932527	0.040289256198347105	0.9474757776644569
Isosceles + StringTie2	69	1.0	0.6198830409356725	0.9346076458752515	0.03128258602711158	0.9513568868407578
Isosceles + StringTie2	72	0.9940968122786304	0.7074829931972789	0.9517102615694165	0.03567787971457696	0.9579746835443038
Isosceles + StringTie2	75	0.9939975990396158	0.7	0.94662638469285	0.04081632653061224	0.952863659401926
Isosceles + StringTie2	78	0.995249406175772	0.7368421052631579	0.9557344064386318	0.02564102564102564	0.9649568308786186
Isosceles + StringTie2	81	1.0	0.7445255474452555	0.9647532729103726	0.013388259526261586	0.9755600814663951
Isosceles + StringTie2	84	0.9953161592505855	0.75	0.9607645875251509	0.024514811031664963	0.968068930562595
Isosceles + StringTie2	87	0.995260663507109	0.8	0.96579476861167	0.009287925696594427	0.97809475292919
Isosceles + StringTie2	90	0.996547756041427	0.7258064516129032	0.9627391742195368	0.013415892672858616	0.9745158002038736
Isosceles + StringTie2	93	0.9977298524404086	0.7522123893805309	0.9698189134808853	0.015321756894790603	0.9771920932589965
Isosceles + StringTie2	99	1.0	0.7801418439716312	0.9688128772635815	0.010277492291880781	0.9791560752414845
LIQA + StringTie2	0	0.5139593908629442	0.0	0.4074446680080483	0.05152224824355972	0.5700211118930331
LIQA + StringTie2	3	0.566579634464752	0.0	0.43661971830985913	0.046153846153846156	0.5990338164251208
LIQA + StringTie2	6	0.5309278350515464	0.0	0.4149043303121853	0.04849884526558892	0.5778401122019635
LIQA + StringTie2	9	0.6241610738255033	0.0	0.4678068410462777	0.00641025641025641	0.6361149110807114
LIQA + StringTie2	12	0.6161202185792349	0.0	0.4537223340040241	0.006607929515418502	0.6229281767955801
LIQA + StringTie2	15	0.7063492063492064	0.0	0.5377643504531722	0.00558659217877095	0.6980392156862745
LIQA + StringTie2	18	0.6579292267365662	0.004329004329004329	0.506036217303823	0.011787819253438114	0.669328010645376
LIQA + StringTie2	21	0.7282321899736148	0.00425531914893617	0.5568982880161127	0.00718132854578097	0.7135483870967742
LIQA + StringTie2	24	0.7064471879286695	0.0	0.5181086519114688	0.001937984496124031	0.6821192052980133
LIQA + StringTie2	27	0.7349726775956285	0.007633587786259542	0.5432595573440644	0.0036900369003690036	0.703125
LIQA + StringTie2	30	0.6965986394557823	0.007751937984496124	0.5176233635448136	0.001941747572815534	0.6816976127320955
LIQA + StringTie2	33	0.7215686274509804	0.004366812227074236	0.5563380281690141	0.00718132854578097	0.7130883301096067
LIQA + StringTie2	36	0.7447643979057592	0.048034934497816595	0.5840886203423967	0.00684931506849315	0.735573874445149
LIQA + StringTie2	39	0.7184986595174263	0.020161290322580645	0.5442655935613682	0.007339449541284404	0.7030539311241065
LIQA + StringTie2	42	0.6954838709677419	0.0502283105022831	0.5533199195171026	0.0054249547920434	0.7110536522301228
LIQA + StringTie2	45	0.7177215189873418	0.054187192118226604	0.5820745216515609	0.0051635111876075735	0.7344345616264295
LIQA + StringTie2	48	0.7194968553459119	0.04522613065326633	0.5845070422535211	0.0	0.7377777777777778
LIQA + StringTie2	51	0.7116883116883117	0.06726457399103139	0.5669687814702921	0.01054481546572935	0.7208706786171575
LIQA + StringTie2	54	0.7053789731051344	0.07954545454545454	0.5945674044265593	0.005050505050505051	0.7443324937027708
LIQA + StringTie2	57	0.7285180572851806	0.05235602094240838	0.5985915492957746	0.008333333333333333	0.7465495608531995
LIQA + StringTie2	60	0.6860025220680959	0.07	0.5619335347432024	0.008880994671403197	0.7172236503856041
LIQA + StringTie2	63	0.6496969696969697	0.08284023668639054	0.5533199195171026	0.01079136690647482	0.7096774193548387
LIQA + StringTie2	66	0.6514423076923077	0.08074534161490683	0.5589123867069486	0.005376344086021506	0.7156673114119922
LIQA + StringTie2	69	0.6452004860267315	0.0935672514619883	0.5503018108651911	0.014414414414414415	0.7062621045836023
LIQA + StringTie2	72	0.6162927981109799	0.09523809523809523	0.5392354124748491	0.01107011070110701	0.6979166666666666
LIQA + StringTie2	75	0.6014405762304922	0.08125	0.5176233635448136	0.011538461538461539	0.6794448116325181
LIQA + StringTie2	78	0.5914489311163895	0.07236842105263158	0.5120724346076458	0.013565891472868217	0.6741721854304635
LIQA + StringTie2	81	0.5759345794392523	0.051094890510948905	0.5035246727089627	0.025341130604288498	0.6640106241699867
LIQA + StringTie2	84	0.5585480093676815	0.07857142857142857	0.4909456740442656	0.031746031746031744	0.6515353805073432
LIQA + StringTie2	87	0.5627962085308057	0.06666666666666667	0.4879275653923541	0.018218623481781375	0.6518817204301075
LIQA + StringTie2	90	0.5489067894131185	0.07258064516129033	0.48942598187311176	0.01818181818181818	0.6532258064516129
LIQA + StringTie2	93	0.5414301929625426	0.061946902654867256	0.4869215291750503	0.043478260869565216	0.6453333333333333
LIQA + StringTie2	99	0.5498241500586166	0.04964539007092199	0.4788732394366197	0.0205761316872428	0.6432432432432432
NanoCount + StringTie2	0	0.17385786802030456	0.0	0.13782696177062373	0.09868421052631579	0.23909249563699825
NanoCount + StringTie2	3	0.15535248041775457	0.0	0.11971830985915492	0.11194029850746269	0.21099290780141844
NanoCount + StringTie2	6	0.13917525773195877	0.0	0.10876132930513595	0.12195121951219512	0.1935483870967742
NanoCount + StringTie2	9	0.23355704697986576	0.0	0.1750503018108652	0.01694915254237288	0.2971818958155423
NanoCount + StringTie2	12	0.2650273224043716	0.0	0.19517102615694165	0.015228426395939087	0.32577665827036106
NanoCount + StringTie2	15	0.2962962962962963	0.004219409282700422	0.22658610271903323	0.03017241379310345	0.3673469387755102
NanoCount + StringTie2	18	0.3617300131061599	0.012987012987012988	0.2806841046277666	0.017605633802816902	0.43661971830985913
NanoCount + StringTie2	21	0.37994722955145116	0.00425531914893617	0.29103726082578046	0.017006802721088437	0.4491064491064491
NanoCount + StringTie2	24	0.42112482853223593	0.0	0.30885311871227367	0.07250755287009064	0.4633962264150943
NanoCount + StringTie2	27	0.453551912568306	0.015267175572519083	0.3380281690140845	0.005917159763313609	0.5045045045045045
NanoCount + StringTie2	30	0.48027210884353744	0.015503875968992248	0.3595166163141994	0.008333333333333333	0.5277161862527716
NanoCount + StringTie2	33	0.5111111111111111	0.039301310043668124	0.4024144869215292	0.06103286384976526	0.5633802816901409
NanoCount + StringTie2	36	0.5261780104712042	0.0611353711790393	0.418932527693857	0.021176470588235293	0.5867418899858956
NanoCount + StringTie2	39	0.5630026809651475	0.08870967741935484	0.44466800804828976	0.013392857142857142	0.6130374479889042
NanoCount + StringTie2	42	0.5329032258064517	0.1095890410958904	0.4396378269617706	0.09710743801652892	0.591339648173207
NanoCount + StringTie2	45	0.5734177215189873	0.1477832512315271	0.486404833836858	0.02028397565922921	0.6500672947510094
NanoCount + StringTie2	48	0.5949685534591195	0.135678391959799	0.5030181086519114	0.007936507936507936	0.6675567423230975
NanoCount + StringTie2	51	0.6285714285714286	0.17937219730941703	0.527693856998993	0.027829313543599257	0.6840731070496083
NanoCount + StringTie2	54	0.6210268948655256	0.24431818181818182	0.5543259557344065	0.0548885077186964	0.6987951807228916
NanoCount + StringTie2	57	0.663760896637609	0.23036649214659685	0.5804828973843058	0.022033898305084745	0.7285353535353535
NanoCount + StringTie2	60	0.669609079445145	0.225	0.5800604229607251	0.031932773109243695	0.72544080604534
NanoCount + StringTie2	63	0.713939393939394	0.28994082840236685	0.641851106639839	0.022970903522205207	0.7747419550698239
NanoCount + StringTie2	66	0.7331730769230769	0.2795031055900621	0.6596173212487412	0.03106508875739645	0.7849011384062313
NanoCount + StringTie2	69	0.7460510328068044	0.26900584795321636	0.6639839034205232	0.011976047904191617	0.7942238267148014
NanoCount + StringTie2	72	0.7863046044864227	0.3469387755102041	0.721327967806841	0.036290322580645164	0.8250863060989643
NanoCount + StringTie2	75	0.8007202881152461	0.33125	0.7250755287009063	0.01907356948228883	0.8338158656629994
NanoCount + StringTie2	78	0.838479809976247	0.3881578947368421	0.7696177062374245	0.020486555697823303	0.8619718309859155
NanoCount + StringTie2	81	0.8878504672897196	0.4233576642335766	0.823766364551863	0.022700119474313024	0.8939890710382513
NanoCount + StringTie2	84	0.9133489461358314	0.45	0.8480885311871227	0.015186915887850467	0.9113513513513514
NanoCount + StringTie2	87	0.933649289099526	0.41333333333333333	0.8551307847082495	0.013921113689095127	0.915948275862069
NanoCount + StringTie2	90	0.9574223245109321	0.3790322580645161	0.8851963746223565	0.012359550561797753	0.9336165693043016
NanoCount + StringTie2	93	0.9670828603859251	0.4778761061946903	0.9114688128772636	0.009836065573770493	0.9491880565741225
NanoCount + StringTie2	99	0.981242672919109	0.48226950354609927	0.9104627766599598	0.01843817787418655	0.9446764091858038
