UMAP_1	UMAP_2	Celf2_logcounts	Celf2_i12_A5_psi	Celf2_i12_A3_psi
4.381385502334432	2.7071617360432016	0.9003837915514	0	0
-0.046060564998789855	1.8738034482319224	0	0	0
-0.5280768303910933	2.042151522191273	1.582581055363298	0	0
-0.16834163952271564	3.22769386723827	1.6704542826851823	0	0
-0.7156880228559218	3.0660320039112436	0	0	0
0.7117277951200761	-2.9335526709239614	0	0	0
4.45857160996993	2.4956839795429575	0	0	0
-2.871933522705241	-3.158739018885387	0.9901419766047013	0	0
6.218362984176473	0.24897032633613225	0	0	0
0.765278753753499	-3.0568022017161978	1.0174164568380464	0	0
3.5734626622160235	3.003490280659901	0	0	0
5.120731052871541	2.27363736584972	0.7098968273064687	1	0
-1.1912021218578062	3.0563693757374155	0	0	0
-3.3168788580934248	-2.865943360773815	0.6505669075313419	0.21428571428571427	0.4999999999999999
-2.692963305000468	-2.242983746973766	1.9144120611582214	5.6876409644279166e-5	0.025243646800406312
-0.153334322456523	1.8779235596973765	1.310691813340498	0	0
-0.888209822658702	3.502276730092274	1.830480609615451	0	0
-1.841944876197978	-3.270608592478527	1.1702779559774095	0.003818896051189472	0.49285693435637556
-0.20441288042466266	2.191770147832142	1.8562239352938388	0	0
-0.9237129642407141	-3.230246234385265	1.6545657533087368	8.846939047576078e-4	0.0022117347618940196
5.1564986081083575	2.174041819127308	0.4599187301468429	0	0
-1.5183906583825788	-3.18026511713673	1.7012776220067556	0.25	0
-2.406807723526164	-2.80080955073048	1.586664641720006	0.12339756515006389	0.3083725384189574
-1.5907613663713178	3.4902685399372446	0	0	0
4.729458984847859	2.273139309437977	0	0	0
0.11937015962202924	2.4560442681629526	1.540413931761244	0.18181818181818182	0.45454545454545464
-0.10315442371766192	3.312742065938221	0	0	0
4.421910938735799	2.579688381703602	0	0	0
1.1846224636991778	-2.7944888357799185	1.6187600508524191	0.08333333333333333	0.25
-0.22393304396073443	-2.3535336737315786	2.3669458436390154	0.0034293552812071307	0.003086419753086418
5.6068841786344805	1.1657247062046396	0	0	0
5.256059822555379	1.6225368495304453	0	0	0
-0.7327550976316176	-2.8618814234416616	1.5625041987280885	0.5	0
-1.1084650411049566	-3.5686020140330923	1.8851412765504985	0.1264374067552457	0.4428094177653268
5.61471527528365	0.18816023722480413	0	0	0
-3.007588687423869	-1.6098508124034536	1.4008278447041302	0	0
-3.2059064536134443	-3.0658675913493765	0.9746393358586212	0	0
-3.1989606051484785	-2.827895093409313	1.0465841018696065	0.0011649255496456509	0.001553234066194201
-2.230385604385539	-2.592142272440685	0.6950790959413391	0	0
-3.4511836199800214	-2.735729384867443	1.1942048313785263	0.0016741071428571425	0.9960937499999999
-3.3323205142060957	-2.9282380823772085	1.103661562906579	2.939447383891829e-4	0.034897155516380174
-1.4323069779912672	-2.108170676676525	3.0982124682671595	6.886830919830084e-8	1.721707729957521e-7
-0.08641350555817706	1.9572652097065317	2.8718232092887526	0	0.6666666666666666
-1.5196579723397932	2.678232025655018	0	0	0
-0.18952620315949542	-2.2776970152537954	1.7185938056990506	0	0
-2.6030574469606123	-3.3304151777904165	0	0	0
-0.27260631609360797	2.9539540524799692	0	0	0
-1.6806915431062421	2.5687199349720347	0	0	0
5.789680656905965	0.18539662316630956	0.9266272755773506	1	0
-2.1554507641832075	-3.3963376764934194	0	0	0
-3.2903915076295576	-2.824019837824596	0.4658573066330185	0.17647058823529413	0.29411764705882354
0.10158222627241986	3.2779408212025034	1.0259604790599357	0	1
-3.1919577746431074	-3.072275090662731	1.6352055089459645	2.243141587632475e-8	0.255789897177508
-2.238255920890971	-2.0366441492717398	1.403435647841192	0.0036072229840156725	0.5931278426578276
3.5451657147367754	3.111428808720814	1.0330133975578917	0	0
-1.0065914868156156	-3.5610665564220083	1.955584329039293	0.002067147042702005	0.00826858817080802
-1.9242578773538312	2.6647680516559946	0	0	0
-0.2380523710290633	3.550832819493519	0	0	0
6.35044640016158	0.0382300115395653	0	0	0
-2.5822234778444013	-1.7483375553767813	1.6152022284584322	0	0.49999999999999994
4.972916302200154	0.05126647494922755	0.3528362676245604	0	0
3.3886081547697344	3.1665983910877573	0	0	0
-3.4014688162843427	-1.747920203654064	1.4068414784209495	1.835454749923235e-4	0.25024472729998976
-1.026704984788104	3.3470872159321177	0	0	0
4.646249947067098	2.2041331048328745	0	0	0
5.414673027511434	-0.1228992824237478	0	0	0
5.805354294296102	0.7241769547779429	0.5657618007200013	0	0
-2.8698173193971357	-1.749420094935192	0.8930496275549524	0	0.5
-2.799764814857646	-0.026756766883624813	0	0	0
0.14142638158400433	2.4951859231312143	0	0	0
4.285848793502645	3.2769342179615366	0.7699330286828794	0	0
-1.7817727952043256	-2.1621548418681753	0.7434915527678712	0	0.5
-2.664834919456645	-2.111400533167614	0.7167771840374868	0	0
-3.429384055618449	-1.9793693308513296	0	0	0
-2.0145857958833417	2.496003937276112	0	0	0
0.23642581414778607	2.2135225053150522	0	0	0
-1.034479091946288	3.2440059895832407	0	0	0
0.7639631600340165	-1.691023755518688	1.5416944398054964	0	0
-1.5962638287584028	-0.8767388348262442	1.8061376008610477	0.009251207792167569	0.6520250744449086
-2.6203057198564252	-1.2898226265590322	0	0	0
-1.8576654820481977	-0.808248150793804	1.8640101774424558	0.0010850694444444436	9.765624999999993e-4
-0.4600945739785872	-1.3067654852550161	0	0	0
0.6476795048673906	-1.4077365879695547	2.8308039099834694	0	0
5.538659748550252	1.272384595425831	0.5546387534383658	0.08333333333333333	0.25
-1.9202573328057966	-3.361241269556774	0.8971088707173331	0.18181818181818182	0.45454545454545464
4.439891037460164	2.564532589467274	1.2538687679837448	0	0
-1.5038314490358076	2.8283465619404184	1.6568150211126003	0.19047619047619047	0.47619047619047616
6.281775173660115	0.12769492373059865	1.0973207752028316	0.055975274725274735	0.12680288461538464
-3.109735789779826	-2.95677034899403	0.5837722694213134	0	0
-1.1160111232439718	-2.6589974646251333	0	0	0
-1.5028615622560224	2.596740078480946	0	0	0
3.92486160707076	3.2156337018329966	0.9012063819993167	1	0
-1.4990945487062177	-0.9241383557002676	1.5097508947919047	0	0.25
-0.43463915872971637	-3.3240584616344107	2.2329262606555225	0.0018939393939393925	0.0047348484848484815
4.2367884488066	3.3065918202717173	0	0	0
-1.108715514723464	-3.2158710245769155	0.9444153879225053	0	0
-1.596049907688304	-2.097689080683483	0.7974128256192039	0	0
-0.13048333216111285	1.917616438420521	0	0	0
-1.7515690951387128	2.437966656239735	0	0	0
5.137300190444783	-0.16324800595451716	0	0	0
-2.3520229487458906	-0.21597279950786952	0	0	0
-1.6670621066133222	3.002512049229847	0	0	0
5.538184818740682	0.23348991230319616	0	0	0
5.626353916641072	0.4596681113560068	0.72039864021081	0	0.3333333333333333
6.374041733260945	-0.016933951226962826	0	0	0
0.7424202532728471	-2.9928607229869497	0	0	0
-0.7217549114267073	-3.1129349951427114	2.125349463396031	0	0
-3.2728508143464765	-2.1281844858806265	0	0	0
-1.7838963298837385	1.9361407275516855	2.1715126608853224	1.4112573173691905e-6	0.014832179537156275
4.5649787754972735	2.5159168954212534	0.737714083166017	0	0
0.2775130839308061	-1.6258719448726309	0	0	0
-0.5522310762445174	-2.541987586466564	1.8325950104899709	4.953544671006749e-8	0.1469260210451081
0.0450466246565141	-1.1381325010936392	1.972480943532562	0	0
-1.2111295639316282	-0.7508028630893362	0	0	0
5.103130039687947	2.3065942044575083	0	0	0
4.005357918258504	3.111267160924183	0	0	0
3.9884306759794512	2.800231766255604	0	0	0
5.917112526412801	0.256530057938801	0	0	0
5.9978987545927325	0.4909876699764597	0	0	0
4.846947845931844	2.50170452550243	0	0	0
5.389537510391072	1.6087594743091929	0	0	0
6.308895763870076	0.009700644129918792	1.0259604790599344	0.17391304347826086	0.34782608695652173
6.243802723403768	0.12158566370795844	0.5333045326914735	1.170141035392282e-7	4.680564141569128e-7
5.771756824966268	0.821064126046406	0.5638064640762487	0	0
5.096513924117879	2.1641987080891	0	0	0
5.863933262344197	0.6921641941387522	0.8566652734261967	0.13888888888888884	0.12499999999999996
4.69765156220992	2.1694913621265757	0	0	0
6.169056591506795	0.24465714052508947	0	0	0
4.765606579299764	2.326492857487904	0	0	0
4.832521137710408	2.3549624200184214	0.41321481175864505	0.49999999999999994	0
3.6743542523344317	2.8408847565967905	0.9797505932695363	0	0
4.969034847732381	2.183471273930775	0	0	0
0.7778598637541093	-3.050516057459606	0	0	0
5.094687637801961	2.4223850484211313	0.8228647105970449	0	0
6.374661144729451	0.004613049628244617	0	0	0
0.25017839383681195	-3.0310897116344107	0	0	0
6.181427654739217	0.20571450546573278	1.1315732847044486	0.0026041666666666674	0.33072916666666674
-2.021236958984538	2.7092269177753794	0	0	0
5.1753608555753985	-0.06070765450407388	0	0	0
4.041187939163045	3.224970411809193	0	0	0
1.4088835091551104	-2.6758763079326284	1.412381019384616	0	0
-0.11982465076844317	2.799684834035145	0	0	0
3.810872253890828	3.1653214211780893	0	0	0
-2.996458592895671	-1.977959561793102	0.5191879718032554	0	1
-2.007191958908244	0.4980574066955912	0	0	0
-0.22692787933747394	-2.79777901217152	0	0	0
-1.3167012064496717	-2.1822127585094107	2.446559414828371	0.005946410928984456	0.22123916345686623
-2.3180237441102705	-2.680528092829479	1.657816871430383	0	0
-1.5428710608522138	2.1054042096454966	0	0	0
-1.5462052254716596	-1.5138371472041738	1.8202223955694277	0.5	0.5
0.4182301135023393	-2.190955567805065	1.9526796598522147	0	0
-1.5135096936265668	1.5046270604450571	1.5006282543712535	0.17391304347826086	0.34782608695652173
-2.573495569709941	-0.13969700380970362	0	0	0
-2.982243242744609	-1.8088275675456655	1.0023019774265205	0	0
-2.2577284007112226	-2.159670043436779	0.746554916306529	0.30434782608695654	0.30434782608695654
-2.000906172279521	-3.5024518255870474	1.1541902877162014	0	0
4.054624256606893	3.293811869176136	0	0	0
5.213804897781209	-0.05114388063360574	0	0	0
-1.011488433067008	-1.4582787041347158	0	0	0
6.016997036453084	0.4616099114734995	0	0	0
1.3712856144865313	-2.717090058771862	0	0	0
5.955319580550984	0.4663934822399485	0.6487764227191642	0.012096774193548395	0.018145161290322592
-0.684772345308467	-2.808514523951305	1.3950240736666772	0	0.20001439409207983
0.2139928908308305	-1.3401941542308462	2.9202461613572916	0	0.0011884432480373873
-1.2116271584073743	-0.8256064538638723	0	0	0
0.4065765709837236	-2.429401326624645	0	0	0
0.2299615712126054	2.6653714890797007	0	0	0
-0.19127553987900836	-1.968103456942333	0	0	0
-1.0324038742820463	3.5741847272236216	0	0	0
-2.6317178635637006	-2.2359775786082876	0.6407904724884447	0.21428571428571427	0.2857142857142857
-1.4459233908693037	3.2024622674305308	0	0	0
-1.5511947302858076	-3.1444293741862905	1.277322993714463	0	0
-3.129677596573039	-1.9988283400218618	1.3879437896813103	6.05323623501396e-8	0.3370561639861257
-1.890703442577525	0.45415816858600255	0.7437689782167581	0	0
-3.406373086456462	-1.8205534701030386	1.7638759657265721	1.5367832358732583e-9	4.610349707619774e-9
-1.87788212585847	-2.78345696970631	0	0	0
-1.7807959346811018	-0.8429140333812368	0.7031498825497213	0	0
-3.3944752841035566	-2.049807477442516	1.0933066734627614	0.1818181818181818	0.4545454545454546
-2.3931115298310957	-2.4620298628490103	2.1349317133985597	0	0
5.600014385696248	1.1781016106922495	1.1727676265281382	0	0
-2.6962543158570966	-3.269329715220226	1.8863126271936608	1.9053981641822345e-5	7.618352896714962e-5
0.29160386037428754	1.770411562474476	1.8110086980472133	0	0
5.445453819747762	0.159446414859997	0.6584793382230213	0	0
-2.1771097807923994	-1.8192776922862661	0	0	0
-0.05665582704941852	-2.8118671660106314	1.6538174992712198	0	0.002220507883741334
5.706386265273885	0.06910636305998442	0	0	0
3.9051176876982012	2.8992582078297007	0	0	0
4.5370036930998126	2.617743563206898	0.9392293008860413	0.011029411764705888	0.018382352941176478
5.925284561630086	0.11968236074041007	0	0	0
5.833211597915486	0.3581936176140177	0.17073709989696614	0	0
4.594494995590047	2.935739349873768	0	0	0
4.323722061630086	2.5191870446522104	0	0	0
5.035567936416463	2.289109062703358	0	0	0
4.172449764724568	3.269827198537098	0	0	0
5.485479530807332	0.22211008921455022	0	0	0
-0.35462796974579913	-3.126565623728527	0	0	0
4.227744755264119	3.249835800679432	0	0	0
3.4730674595793047	2.698622774632679	0	0	0
5.119486507888631	2.159139465840565	0	0	0
3.911072430129842	3.08822853520702	0	0	0
5.088923153396443	2.237503599675404	0	0	0
0.024133858199910097	2.34163052991222	1.4733845954267453	0	0
0.515297588821248	-2.544125724283947	1.3440714868052246	0	0
6.278098759170369	0.08287650749276755	0	0	0
-1.8614842920343122	3.151935648473011	0	0	0
-2.1575368075410566	-3.1555277590434683	0.7690404781901069	0	0.5
-0.30891990948121173	3.293179583104359	0	0	0
-1.6433692603151044	-2.916765141932262	0	0	0
-1.8338075904885969	0.5229961390812266	0	0	0
-1.528837981704875	3.443988155873524	2.0639512638898467	0.5	0
-1.0428203298489294	-2.8778940920512808	0	0	0
5.9200813145597735	0.4446971233208048	0	0	0
-1.7990709571878156	2.7554383988697397	1.8239375953323393	0	0
5.213515934463338	-0.010191511062873623	0.8277878783033945	0.3333333333333333	0
6.25566690873702	0.1201712976415026	0.534897441277541	0	0
5.606222328658895	0.2878293211777079	0	0	0
4.174523052688436	2.625075411351429	0	0	0
5.098888096328572	2.198000025304066	0	0	0
-2.4066210417787275	-2.780560422388805	0.703149882549721	0	0
-0.7449498205224715	-3.113250899760021	0	0	0
-3.448154750351115	-1.7041949515025747	1.280750079122254	0.016129032258064523	0.024193548387096784
6.3617884488066	-0.05348494991470697	0	0	0
-0.6494008927385054	-3.440967011896862	0	0	0
-1.33844542789857	3.0629163499195444	0	0	0
-0.6718921093980513	-2.7944258932750357	1.2705270419293344	0	0
-2.901087942604228	-1.3357828144710195	0	0	0
-3.006374660019084	-2.6608170752208364	0.942830747108055	0.0025803579416537534	0.003440477255538338
0.19671672296126264	3.1673763509113657	0	0	0
-1.7370948820153913	-3.421340394465221	0.9381096818438196	0	0
-0.3671054272691451	-2.7828945402782095	1.2773229937144632	0	1
-2.8738141684571943	-1.695304203478588	0.8290570298307854	0	0
-2.649847331527873	-2.392559218851818	2.2807428428525713	3.830085413883973e-7	0.0010705490493993293
0.34851234864790814	3.0064726586658823	0	0	0
5.606023964401082	0.3169258649666178	0.702161441158801	0	0
-0.6253863005677901	-1.788528490511669	0.8038671841544635	0	0
5.8980194897611895	0.621134173424946	1.2722188070307963	0	0.5
-0.80224134314458	-3.48257224604298	1.0206030445433842	0.28571428571428575	0.2571428571428572
4.213907894607381	3.3014863248188364	0	0	0
5.483049091811971	0.24316648796390172	0.5391926364392505	0	0
-2.0342022805253706	-3.019576240031017	0.8009495105295299	0	0
-3.049261632446452	-1.671666312662853	0.5508445275145134	0	0.6666666666666666
-3.376900973800822	-1.9966563467662466	1.707273844360213	0.21071428571428572	0.3821428571428572
4.62123030137618	2.5808697457630503	0	0	0
5.586048302169637	0.27613730386088964	0	0	0
3.7561623425443926	2.860130381139027	1.1938345933633554	0	1
0.8611811966856279	-2.8851398710887564	0.9540403237756004	0	0
0.04965966653426068	-1.4134719853084219	0	0	0
-3.259344640258952	-1.9853407625835073	1.0559352541064664	0	0
6.33617227983077	0.042806696446644046	1.5252271153368442	0.10714285714285715	0.25000000000000006
-2.6898639826814374	-3.371884751765026	2.242397572067228	0	0.25
-1.6275929837266645	-1.194543886629833	0	0	0
-3.4120903639833173	-1.6784555201213491	1.1425953632619823	0	0
-2.886800351623698	-1.6317871098201406	1.3527031064257204	8.858368035429149e-4	0.0020669525416001345
-0.7159576444665633	-3.448924947230114	0	0	0
6.3631426663358965	-0.015120017973674557	0	0	0
-0.8869260056654654	-1.6085958962123525	1.050813107345683	0	0
-0.1896766452829085	-1.1629591469447744	1.161476490228172	0	0
-1.6788693695108137	3.1823933835346567	0	0	0
-1.686681273464366	-0.6852785830180776	0	0	0
5.3990642399748126	-0.1426413093488348	0	0	0
4.280460056777791	3.3519902940113413	0	0	0
-2.529275837425395	0.2016982252914774	0	0	0
0.2804318041761674	1.676358770879017	1.5289930912993759	0	0
0.7109727234800615	-2.8270890001933706	0.9657671249401643	1	0
-0.18792420912186725	-1.6655202393214834	0	0	0
-1.941621127609416	-2.300081420389904	1.0701469313575382	0	0
0.14700013112624066	2.7524946446735727	0	0	0
-1.1317519574205122	-1.1438913826625479	1.394096150692125	7.751937027460886e-4	0.0019379842568652212
-1.1195882065931997	-3.088289428202404	0	0	0
-1.2766672401468	-0.9482426528613699	0	0	0
-2.7002221970597944	-3.1575116400401724	0.9797505932695376	0	0
-3.3494198946992597	-2.014176536051525	1.541053894956014	0	0.00390625
-2.7771479516069135	-2.3469912295024526	1.219189429541602	0	0.005103803124124575
0.032278952117756776	2.723020147832142	1.563825272391695	0.0022321428571428575	0.0020089285714285717
-1.0780463992397031	2.748159718068348	2.095403704894697	0	0.5
-3.348718705658122	-2.740903306452526	0.6715097920232689	0	0
-3.3992503314058027	-2.940553832499279	0.8620773883637998	0	0
-1.7114481954614362	3.168945621999012	1.1402385181658643	0	0
-2.066870275024577	-3.291682649103893	0	0	0
-1.8221344976464948	-3.5672990564983023	0.9448691560272972	0.18181818181818182	0.45454545454545464
-2.381936135772868	-0.8053138737361563	1.2894041174540374	0	0
-2.518114033226176	0.09957400366853354	1.84277393103541	0.08333333333333333	0.25
-3.4060295252839765	-2.695676732508434	1.4641583645309324	6.952145681193294e-7	0.007925728107768702
-1.7380511789361677	3.1520579572040903	0	0	0
-1.9549040226976118	-3.4309703592937124	1.2937780542417623	0	0
-1.3541028230230054	3.250375818761097	0	0	0
-2.020409765724345	-1.8806655888240469	2.6342032966666684	7.076948906373808e-4	0.3144210098745053
-1.0125128022174081	-2.6865362410228384	1.103243421005149	0	0
-0.5876992671529494	-3.4140099768321646	1.1821136336709819	0	0
0.22716980886061566	-2.9477342848460806	0	0	0
-1.8548989920655927	-3.3415302519481314	1.2412741315804252	0	0.49999999999999994
-1.910788002494975	1.7924957986194956	0	0	0
-2.294880691055461	-0.12731428786922816	3.1788843967870735	0	1.922372088091017e-4
-0.17027712154786212	-1.7075323347728384	1.2211273896603227	0	0.5
-0.8850238947908126	-2.8038439039867056	1.8811377561024267	5.331904629947822e-6	2.1327618519791287e-5
-2.657126966003581	-0.37043361708332423	0.7910638494486746	0	0
3.9583031506498614	3.1219487901050913	0.6790296065205056	0.0014938312994520102	0.00298766259890402
-2.5926700263063154	-1.8308893923442495	0.8822765561590347	0.1111111111111111	0.4444444444444444
4.627402004714803	2.2128163094837534	0	0	0
-1.3564470140973768	-0.9899701361339224	1.9851875891155715	7.756357028985194e-4	0.0031018493938015433
-0.15358627128998859	-1.1706666235606802	0	0	0
-1.5571720032731733	-3.2523204569499624	1.1770617263432108	0.007369654388604887	0.5873801309163655
-0.6328705875913344	-3.4121762995402944	0	0	0
4.584399876113729	2.620786022694813	0.8306201002334606	0.005208333333333335	0.015625000000000003
-0.5832480220834456	-3.224621224848522	1.1335606475951943	0	0
-2.076230946067973	-1.8608674292247427	2.0443916603400347	6.706775022293476e-6	0.4938220568732148
-0.2956652073899947	-2.330035615412487	1.5859824366928201	0.10714285714285715	0.25000000000000006
-1.1557946978847227	2.518086981328236	0	0	0
-1.1275405465404233	3.3846681828815806	1.2756167612129092	0	0
-2.608909192566081	-3.313066411463512	0	0	0
-1.523074927810832	2.7276368851978647	0	0	0
0.4895849795301713	1.6775252337772715	0	0	0
4.598260578628377	2.162461113484608	0	0	0
6.07429951142867	0.08971205011199591	0	0	0
-0.32600653458039386	2.6969803090412485	0	0	0
-1.1065034820477209	2.2904794926960337	1.8018995514089664	0	0
-0.4938932685891829	3.2970541234333384	0	0	0
-2.967730584625407	-0.11776653274704339	0	0	0
-1.745231750492259	3.200831484349476	0	0	0
0.32178812932570355	2.8871916051227915	1.675056248947653	0.125	0.25
-0.37764424372117145	2.6650288815815317	0	0	0
0.06852274846632855	-1.305601883379711	2.07890988307685	0	0
-2.047057214264079	-3.5380279307048452	0.9090990985715115	0.4999999999999999	0
0.7560867638548173	-2.970987248865856	0	0	0
1.482416090484456	-2.7052392248790396	1.276895980249137	0.5	0
-0.1909227995912276	2.9389281983692515	1.7048697142283729	0.005208333333333334	0.015625
-3.3917091517488203	-2.5114456896464956	0.6895647583109348	0	0
-2.629463735107585	-2.179439235178722	1.651328721009203	0.00645453004974603	0.00860604006632804
-0.3149176864663802	3.5494788403828013	0	0	0
3.9147412152250567	3.0307985062916147	0.8172712719341635	0	0
3.429742035384969	3.145993542226063	2.870430802639497	0.2522448268393806	0.005612067098451566
-0.4095313577691756	3.3567655797321665	0	0	0
-1.8079893021623334	2.2279082055408823	0	0	0
0.3230699868162431	-1.6069593910853994	2.315816691335805	0	0
-0.5275473623315535	-3.2645982985179556	0	0	0
-0.32082510281006915	2.714984964879261	1.7032711454318148	1	0
-3.3741169600526533	-2.4919616465251577	1.7960337465788214	6.415885815989399e-8	2.0298903079646053e-4
-2.2626220612565717	-2.676152635065807	0	0	0
-0.6743489532510482	-2.672950435129894	0	0	0
-1.6943370132486066	1.8624189610798227	1.2258052276584814	0	0.6000000000000001
3.247765717025594	3.1499684567768442	0	0	0
-2.4667940764466962	-0.8600095991771353	1.0341074437375672	0	0
0.2692074150999345	-2.4292313341777456	2.0954037048946983	0	0
-0.691839280609294	-3.3715647940318716	1.004874513504314	0	0
-0.8204528121988021	-3.1073812727611196	0	0	0
-1.687174323085948	-3.407836604563488	1.2773229937144663	0.2515017045247784	0.006005973990276211
3.6359655232389727	3.0333731885273325	0	0	0
-0.12808656979004962	-1.6342046742122305	0	0	0
0.2078710169752397	1.8289414162952768	0	0	0
-2.274213138107463	-2.025780606714977	0.6688171765914667	0	1
-2.718190494064494	-1.213036227671398	0.7841985679431407	0	0.5
0.00663262319167035	-1.5540341620128286	0	0	0
-2.4349116711656293	-0.4337157492320669	0	0	0
-0.03552055645386798	1.9023440594990122	1.7893186923898081	6.51376291260001e-4	0.002605505165040004
-2.606925073150798	-1.8713764433543814	0.9476012760225737	0.08333333333333333	0.25
6.093296226974324	0.03690120328407166	0	0	0
4.4324080319364825	2.821279120000111	0	0	0
-0.7577787964383803	-2.748866248575939	1.350774712461815	0	0
-0.36767828751008136	-1.2777522091548574	0	0	0
4.6173421711881915	2.171961378606068	0	0	0
-1.1782441167871198	-1.3104738478343618	0	0	0
-2.651808443550273	-1.3097098354976309	0.9158572277135715	0	0
5.607711491103963	0.3462281043846476	0	0	0
5.967667278762654	0.07634134993146537	0	0	0
5.55347317170699	0.4025625403244364	0.9797505932695363	0	0.6666666666666667
-1.4979686169664106	-0.7987533096950186	0.6309109367790763	0.1764705882352941	0.29411764705882354
0.7949889273603715	-3.0187014822642935	0	0	0
-2.5711514382402143	-0.09095430716682794	0	0	0
-0.9886295460874878	-2.8553783182780874	1.6140201152826295	0	0
-2.9168035416642866	-1.497630167452587	1.2336866086080631	0	0
0.5638490290602006	-2.798919845072521	1.725959820306337	0	0.49999999999999994
-0.9413013077120028	3.3874498124439585	0	0	0
-3.082631412033244	-3.0187463049571646	1.2141810742636387	0.001859557871802715	0.007437151516149365
6.027519402023152	-0.24989028617550257	0	0	0
0.8881631464918412	-2.2278286699931753	0	0	0
0.1489660115202226	1.411802958996998	0	0	0
-2.9705577521363935	-3.0271848921458853	0	0	0
-2.317565026764079	-3.3439738039653433	0	0	0
0.3725878567655839	2.1285579915363657	0	0	0
6.118987259383992	0.057218943091140964	0	0	0
-0.48693323421876056	2.8243602032978403	0	0	0
-2.832559528831645	-1.9544167999904287	1.359499243116622	0	0.5
-0.9265090926329337	3.5275936837513315	0	0	0
-3.4259007601777753	-2.107523131815685	1.6560645129983178	4.197813463105564e-8	7.767318117758678e-5
-1.4491202561895093	3.345214199574696	0	0	0
0.8495822520216264	-2.8913473372142446	1.592145593708895	0.9936755952380952	0.003720238095238095
-1.1081059305707655	-2.7915879969279898	2.196211696551866	0	0
-1.903158071521922	-1.8697610382716787	0.9517302817854645	0	0
-0.35833049106995685	-2.979177880732311	1.0313768448697178	0	0
-2.082439604286357	-1.036043811289562	0.9577606607528244	0	1
4.7061015934904376	2.172450375111805	0.9296899964987207	0.27777777777777785	0.25000000000000006
-1.663302126411601	-0.9040336494128836	1.6864249541437444	1.0160795480002532e-5	2.540198870000633e-5
-1.3641702263395032	-1.0611459498088491	0	0	0
-0.17622578430573566	-1.5158197168986929	2.006533433360756	0	0
-1.4212288885156354	-0.7071096186320913	0	0	0
-0.04175466585557086	-1.652372289149059	0	0	0
0.28944700669844525	-1.6069479469936025	1.3170428975283788	0	1
-2.8467749981919965	-1.3895260576884878	0	0	0
-2.4159663348237714	-0.697417843786968	0	0	0
0.7981426091154374	-1.9510522370021475	0	0	0
1.2193552823026934	-2.6809942011516226	1.4488697687939731	0.0018565921679764331	0.0033418659023575796
-3.1585994391481123	-1.7855219130199087	1.538710200392139	0	0
-0.97965937208037	-2.846492219416393	0.8898294164754644	0	0
-2.377370777610942	-2.7843686823527944	2.1083013399778756	0.041666666666666664	0.125
-3.418251338485881	-1.7204505686442984	0	0	0
-3.314395728592082	-2.6631805185954702	0	0	0
5.589150604720906	0.0986949096639025	0	0	0
0.37177735280592816	-2.8716751818339956	0.9997431008523366	0	0
5.670101341720418	0.1003704632837641	0	0	0
-3.083778682235881	-1.3176432137172354	0.9883942059142425	0.11805555555555557	0.4444444444444444
-2.4939807086030683	-1.1849258427302969	0	0	0
-3.252046409134074	-2.8818980936687124	0.8702331420549596	0	0.5
0.3334560961683549	-2.977016139475597	0	0	0
-3.0227223067323408	-1.8083795790355337	0	0	0
-1.60765290546815	-1.5078495030086172	0	0	0
-2.2419421105424604	-2.0208935026805532	0	0	0
-0.1764133601228438	-2.5594498400371206	0	0	0
-0.5596402912179671	-1.4913478378932608	0	0	0
-2.8027939229051313	-2.3045264963786734	1.619711724771973	0.08533625524294264	0.25602054762241383
-2.998379292968913	-1.660340834109081	1.015567162236913	0	0
-2.502059164528056	-0.36879872128178004	1.7075414363094465	6.890798695709099e-5	9.187731594278798e-5
-2.018376055244609	-2.3271373991649282	1.6371774825855017	1.8648134373721486e-4	0.7461392192989076
0.10241883706648724	-2.7129487280528677	1.3225392768668052	0	0
4.204364952560262	3.3348770852405893	0	0	0
5.377182182784871	1.550263595135914	0	0	0
0.3905838103254594	-1.6494721655528677	2.662245768498221	0	0
3.916676697250203	3.199512075932728	0	0	0
-0.5063739745656691	-1.1592119221370352	0	0	0
-1.3557848362962446	3.4644103761036265	0	0	0
-3.2330978541413984	-2.9122471098582876	1.8979481763059582	4.882812499999999e-4	9.765624999999998e-4
-0.7476691036264144	2.8282297368366587	0.7657858348354311	1	0
5.714524921890096	0.9256460781414377	0	0	0
-1.7247731118241987	-3.1756586317699087	0	0	0
1.2525741429289141	-2.6692849878947866	1.700879540550379	7.751937027460885e-4	0.001937984256865221
-1.818790259842082	-1.3894052986781729	1.3179555682262323	0	1
-1.2899722783605299	3.2063275094349253	0	0	0
6.323330578323201	-0.016055166421426556	1.351256258160392	0	0
-1.9487594990770063	2.7142110581714975	0	0	0
-2.5205938248674116	-1.7993286137263906	1.3823552144283244	0	0
-2.9076707987825117	-1.6663247828166616	1.7038036306515383	1.2139847891347858e-7	0.008047269992373578
0.1623733611067094	3.096491884740101	0	0	0
-1.8151160507241926	2.8000171895344126	0	0	0
-3.239268842224284	-2.280074525324596	1.1419209340006593	0	0
-2.311139050010844	-3.448207545725597	0.9188466727178248	0.07283986062200491	0.21821509936404102
-3.229627433303996	-2.740241218058361	1.6248481965465535	0.33753203142855265	1.1196905637494776e-8
5.122566875930623	2.219959091695057	0	0	0
3.9466859669645586	3.213906597645985	1.4976139798528265	0	0
-3.008153977874919	-1.7398095612208975	1.6727517537736212	0.2044072241516786	0.3946893678152896
-1.7059846549073896	-3.5828212980907095	1.6508319599107772	0	0
-1.6072073011438093	3.37540156796764	0	0	0
5.430552181716756	-0.1349191252868307	0	0	0
-0.19363832760254962	-2.3126446489970816	0	0	0
-0.1725228457490645	-1.8080683235805166	2.6373319532962065	8.368218014504355e-6	0.5085613977380438
0.3265616269071855	-1.2935709242503775	2.013507844414323	0	0
-2.2563378243486127	-2.4778696779887808	0	0	0
-1.104825365428134	-2.5607012991588247	1.7550050182229626	1.1172495256884202e-5	2.7931238142210505e-5
-0.6281411080400191	-1.4184744839351309	1.5036557687858305	0.005070763089092373	0.6540772176391486
1.1963471741636553	-2.2891933207194937	0	0	0
1.0993162960966387	-2.437180924860729	0	0	0
-0.4202018408815108	2.8124745602924692	1.4198407170398875	1	0
-2.07353300142686	-3.234419990031017	1.750182602183476	0.005144903833704116	0.4816999660312189
-2.588629308227702	-0.07359944626499536	0	0	0
-2.629627409462138	0.33245043114017125	0	0	0
5.401807960983113	1.4787251468021738	0.5719820874220982	0.28571428571428575	0.2571428571428572
5.291763958450154	-0.04288547828604104	0	0	0
-1.8799248366395673	-3.3042175059001577	2.070402418789824	0	0
-1.6742849378625593	2.8381899113972056	0	0	0
-3.2632592349092207	-2.7847303633372915	0.6495124661275762	0	0
-0.12146759319703204	1.8398077006656992	1.0739847664235413	0.28571428571428575	0.2571428571428572
-1.723208668712779	1.3663322444279062	0.9710221857768145	0	0
-2.6011576085130415	-0.2922265414874685	1.154535066724995	0.08333333333333333	0.25
-0.7660066365043364	2.5088835473377573	0.9812211912790739	0	0
-0.6566226809064589	2.700486015828358	0	0	0
0.09170716714461224	-1.889337349383129	0	0	0
4.972012695785359	2.2795680280048716	0	0	0
-0.1647489099542342	3.258920263798939	2.7199530314269764	0	1.7660908385980672e-6
-1.3708127169648847	3.128324102910267	0	0	0
4.222603497024373	3.3690787072498667	0	0	0
-2.0654403595964155	-2.903139520136608	0	0	0
-1.5538952379266462	2.8453312630970347	2.6262010508980826	0.18181818181818182	0.36363636363636365
-2.5820331006089887	0.3657791133243906	0	0	0
5.059825119491414	2.253558229954945	0	0	0
-2.7205460696260175	-1.5281858925502432	0	0	0
-0.9394024788181029	2.920368265660511	0	0	0
-0.5800626008550368	1.7978356595356333	2.676088921133858	8.846939047576076e-4	0.0022117347618940196
-0.14836389112870318	1.8344712968189585	0	0	0
-3.0532205729524335	-0.17439784452129725	0	0	0
-2.2652043728868207	-0.5385740880649221	1.5664747798926941	0	0
-1.83667278576295	0.5708884115536081	0	0	0
-1.2998918323556623	3.1277149434406626	0	0	0
-2.340887132171794	-1.970899391619457	0	0	0
0.3430604309995927	3.054922413380848	0	0	0
-1.5506311683694562	3.577188562901722	0	0	0
-2.4442457585374555	-0.7714314942042959	0	0	0
0.8804493517835893	-2.8731064085643423	0	0	0
-3.0234704642335615	-1.2903932814281118	1.82084040814887	0	0
0.48212367009718793	-3.010373759714855	0.795497188572431	0.15789473684210525	0.47368421052631576
-0.706690344099208	2.6809445138294565	2.3133840065700766	8.917768923565413e-7	1.1890358564753884e-6
1.0553569169004717	-2.4298857931773794	1.563825272391693	0	0
-0.3451089887658797	-3.301919627634777	0	0	0
-0.1472916035691939	-3.059589076487316	2.1351101210667824	0.0026958226244619445	0.010766867603854067
-0.2658143668214522	3.1499367471058237	0	0	0
-3.031798425201579	-0.17811510309387568	0	0	0
0.1589820952375688	3.0662499184925425	0	0	0
-2.1610441832582197	-2.626462388483776	1.6568150211126018	0.18181818181818182	0.36363636363636365
-0.021495225910349913	2.82445580914806	0	0	0
-1.5435335664788923	-2.724875140635265	1.0799456791816615	1	0
0.6803863615949907	-2.8840116743724478	0	0	0
-0.23805612612168414	-1.70345048948933	0	0	0
1.4664441914518633	-2.7245609049480093	0	0	0
-0.2652008562127791	-2.2655796293895376	0	0	0
-0.7534207134286605	-2.6192640547435415	0.850043290022332	0.2	0.26666666666666666
-1.6235781340638837	3.1990266557056772	2.8634952001926135	3.429355281207133e-4	0.0010288065843621398
-0.16672754574219806	-3.099188971964611	1.7169664270588605	0	0
0.2892364830930986	3.133260559590565	0	0	0
5.441096004958943	-0.11803570732284906	0	0	0
-2.2332714228669843	-3.4959422831218374	1.2824709762792879	0	0
-1.5622645049134931	1.9085733409244883	0	0	0
-0.16532600212494952	-1.6770027165095938	0	0	0
1.038387236114339	-2.1222361807506216	0	0	0
0.765499529357747	-2.87777488276173	1.6313498173931291	1.0899135044642848e-6	0.009629093647203942
-1.376632365469142	-2.72793619677235	1.965829365033181	3.756009615384615e-5	8.451021634615383e-5
0.3981690974195756	-2.8552591089885366	1.5122040503137597	0	0
-1.3902730970422468	1.8146802897770273	1.4460763950111613	0	0
-2.7500606207887373	-3.220600295511974	0.6785689811187402	0	0
0.3079851241071977	2.2269044633228647	0	0	0
-0.7892216472665511	3.2698870416004526	1.3488522029905887	0	0
-0.04116583156983478	-2.774021792856945	0.9007948929197772	0.28571428571428575	0.2571428571428572
-3.4128611712495527	-2.8807195906322134	0.5301124586924091	0	0
-3.408364120010539	-2.90192358538319	1.6126040942063746	0	0
-2.26367599058549	-3.0081545595805776	1.1774210658179183	0	0
0.8718635411222734	-2.727778363672985	1.2188026187950962	1	0
0.028755125518635682	2.029118608983265	0	0	0
-1.4097811012307844	-2.5322624926250112	1.1810272333443728	8.135377713606434e-4	0.0032541510854425734
-1.8275043993035993	-3.4702822451274526	1.532779433120363	0	3.894088724191943e-4
1.3452686638792315	-2.212139296976818	0	0	0
-1.060677613202735	-3.1357676272075308	1.1007415270695569	0.1764705882352941	0.4705882352941177
0.17000096749861615	-2.5671278719585073	0	0	0
-1.6264250903169355	3.2149270291645395	0	0	0
-1.171807604912921	2.85503704503368	0	0	0
-1.7693641810456953	-2.655857968775524	1.6116616002401074	0.005208333333333333	0.4895833333333333
-2.2873715786973676	-2.414699244944347	0.9154318042302573	0.08333333333333334	0.25
3.5716292233427325	3.0207455869037974	1.134224733223526	0	0
-1.7350411443750104	2.0855067487079966	0	0	0
-0.4713931708375655	-1.956113267390026	0	0	0
0.2688114018400468	2.69980342343639	2.344383019544671	1.6805935488675845e-5	0.012490381622861792
1.453947481628255	-2.71792380854298	0.9724656979545485	0	0
-0.2777951984445296	-3.0200120691936148	0	0	0
0.7451892466505327	-2.84814899012257	1.6921738910324275	0.0012314543111570098	0.004925817244628039
-2.5430189995805463	-0.7741783742587698	2.4284728600557144	0	0
-0.9026610954443656	1.2315289492924082	0	0	0
-2.6375030903856	-0.4187926833312643	1.0902397700367135	0	0
0.7368972868879594	-2.9848338846843374	1.164277745466839	0	0
-0.8560153572599135	3.2482314820606577	0	0	0
-1.7635509400407514	2.900005173238026	0	0	0
-0.3326144247094832	-2.338172603098644	0	0	0
-0.9096217258612357	-2.8750716929118765	0	0	0
-2.8847630648652753	-2.017798591105236	1.3708249038796299	0.14228084286485632	0.5577453426863211
-0.42888158846299274	-3.3358804468791616	0.7643157523029172	0.08333333333333334	0.25
-2.0708462624589643	-3.29702799364735	1.5218965355956058	0.33333333333333337	0
0.21712737989027875	-2.8383428339641226	0	0	0
4.258926567550496	3.3209443803150522	0	0	0
4.768981155868367	2.540588688405262	1.4994209610162696	0	0
-1.8802262573281965	3.2141633744556772	0	0	0
-1.742034020904704	3.014791082890736	0	0	0
-0.3787774472276412	-2.7273029570262564	0.927937311103324	0.1935483870967742	0.29032258064516125
-1.949116232875987	-3.1401211504619253	1.4383165833093419	0.012096774193548395	0.018145161290322592
-0.10157734442154986	3.3568669076282847	0.716777184037487	0	0
-2.4329417376558027	-0.10761246427704217	0	0	0
0.3524525732954301	-1.3722770695369375	0	0	0
0.025008258338765077	1.9488096947986948	1.5468398413361728	0	0
0.16454273175795453	-3.06643717333485	0.8137522724261821	0.125	0.25
-1.9465800552407941	2.7446630711872446	0	0	0
-0.38892388630311114	-2.4822284464519155	0.7832718401796965	0.08333333333333334	0.33333333333333337
0.40937822770674603	1.4266579861957895	0	0	0
-1.374903860572978	-0.69863270565678	0	0	0
-0.4624674944917403	-1.451652098147167	1.2164872000908924	0	0
-0.805662470940753	-1.3630893711726797	0.7932741696754287	0	0
4.875503715987996	2.400552820714222	0.7599399510653606	1	0
-1.7541494398156843	-2.2013165239970816	0.9729478587884907	0	0.5
-1.5627786545793256	-1.0354822163264883	0	0	0
-1.5164388446847639	-2.0827175860088003	2.348853813566009	0.004522689092201719	0.21931553832186276
0.48373228025038617	1.8099779601414072	2.2201188576095925	0.002976190476190477	0.005208333333333334
-2.0462647109071455	2.7070019955952036	0	0	0
-1.890539470199748	-0.3089426939170492	0	0	0
4.3752180905302325	3.041436028035389	0	0	0
-0.47926682520310504	3.2839158292133677	0	0	0
-2.0952772526780805	-2.692927766291393	1.1315732847044526	1	1
-2.9547795681993207	-3.027557063547863	0	0	0
-1.511783125881358	3.414475273640858	0	0	0
4.41475885819991	2.611032318623768	0	0	0
0.7153900237043657	-1.5933282856624258	0	0	0
-1.1675214945117673	-1.0797424797694815	2.073062673062351	0	0
1.234723505493001	-2.6181794886272085	0	0	0
-2.518343391899272	-0.1610259447972906	0	0	0
0.14070909928877728	-3.0180823092143667	0.9201340474526273	0	0
-1.8509075670282087	-2.1119136099498403	1.3075407324420738	0	0
-1.5477663307229719	3.5136159177143442	0	0	0
-2.2574173836747846	-3.4147848372142446	0.7019147734010809	0.21428571428571427	0.4999999999999999
4.044277843948201	3.250753235371815	0	0	0
-0.051436307911082335	3.045982908757435	1.4039584646166476	0	0
0.24992841195662396	-1.659889984576	0	0	0
-0.5258933334390364	2.7764719243366587	0	0	0
-1.2743667094747266	2.9395428414661753	0	0	0
1.179233250137166	-2.8136164431254995	0.8795271347437402	1	0
-0.3585801153222762	-2.4137188677470816	0.7904346462160843	0	0
-2.371785464767619	-0.8781446699779165	0	0	0
-2.3968617348710737	-2.5962535624187124	2.187810495305054	2.3603844414723066e-11	5.900961103680768e-11
-1.5940946965257368	3.134129118474232	0	0	0
0.1150914998014726	2.48894817784618	0	0	0
-0.616087499145671	-3.3269249682109487	0	0	0
4.26417463731368	3.250285934956776	0	0	0
-0.8201180129090987	3.499856781514393	0	0	0
5.145773109908895	-0.13822554394413356	1.8408704950088621	0	0.005769230769230771
-0.29952556181351764	2.427081894429432	0	0	0
-1.449213388446971	2.450937103780018	0	0	0
0.627846416946248	1.7502959485370981	0	0	0
-1.797850969318553	-2.0752274279277456	0.908261568544007	0	0
-1.1545673935453138	-3.0027176623027456	2.056565545798204	0	5.13135218977541e-4
-1.294882538799449	2.642887663396107	0	0	0
-1.7326899795572004	2.7830777879078257	0	0	0
-1.334738495830699	-2.860551524607433	0	0	0
-2.4790633349458417	-0.8328684453647268	0	0	0
-0.8017919241229735	-2.8478097204845083	1.1263092643292036	0	0
-0.05246293831269366	-2.73208134218861	0	0	0
0.4135579438169755	-1.4022543911616934	0	0	0
-2.225142422203227	-2.2902590517680776	1.1916182477301525	0	0
-0.9154227926174842	-3.4257380251567495	0	0	0
-1.8650069265405378	-2.418900657145275	0.8667998420175417	0	0
-1.2424150286952695	-2.445845294443859	1.7431444545823962	0	2.901665324677717e-4
0.07464903306563275	-2.7883073572795523	1.8119253304096479	7.751937027460884e-4	0.001937984256865221
-1.0877320124546728	3.518775295766102	0	0	0
4.26557844590743	3.3425589318592417	0	0	0
-2.420039835457011	-0.7520809654872549	0	0	0
-1.7192285089532575	-3.40416591211964	0.9476012760225724	0	0
0.7816296191175737	-1.8933078531901968	0	0	0
-3.342671933654948	-2.6536757235210073	0	0	0
-0.5101709692517958	-3.0895990614574087	1.593177910940228	0	0
0.3779434533079423	-1.7850746397655142	0	0	0
0.2645612330396928	-3.1313251738231314	1.0259604790599361	0	0
5.905574020858602	-0.2794313018005026	0	0	0
5.767524418350057	0.26287856355498906	0	0	0
-0.3720520763436995	3.4295011277515757	0	0	0
0.4489176840742387	-2.799811530558361	0.9971977712839881	0	0
-0.2189762024919234	-1.8316369537990225	0	0	0
-2.3871664433519086	-2.3441385512035025	1.1358885308030529	0.0024353278331493066	0.003247103777532409
4.1981646389921465	3.3068853135425913	0	0	0
1.4366821618040362	-2.6894592528026235	0	0	0
0.06569665383894818	2.775919031651722	1.5378598784601885	0.002580357941653754	0.0034404772555383383
-2.6185322432557783	-2.644386220423473	1.383874565679228	0	0
0.08726781320174115	-2.932875562159313	0	0	0
-0.8317040680686675	-3.3142756704967153	1.1429328921929978	0	0
-0.5180283217469893	-2.4132394079845083	1.771684678055673	0	0
-0.8361698715726577	2.9573755975086558	0	0	0
3.6890518040617266	2.8634186501819956	0	0	0
-1.9750999240915021	-0.7938995246570242	0	0	0
0.15012067269881146	-1.2640232329051626	0	0	0
-2.441207113746806	-0.21501957222629908	1.808721686737689	2.7038427273076743e-8	0.33711829367245066
-0.007039132599040099	-1.1057631258647573	0	0	0
-1.0426429017225942	2.34882743314098	0	0	0
-1.9166962533036909	2.8460417504627573	1.4187698426687578	0	0
-0.5595416455308638	-3.3961076025645864	1.1204483745526883	0	0
4.651621994491414	2.2377215142567026	0	0	0
6.247941669936971	0.0641349557061064	0	0	0
-3.164010110382243	-2.2384609465282095	1.6961186842349147	0	0
-0.847889187816783	-3.433549809901012	2.0307952704975474	3.861564610675287e-5	1.544625844270115e-4
-0.230416419986888	-1.7112594132106436	1.0939222242179896	0	0
-1.5902168779412946	-0.7547264580409658	0	0	0
-1.7678923635522565	-3.5920380835216177	1.5825810553632995	0	0.3333333333333333
-0.520450565103694	-1.41383605047871	1.6382752964514795	0.11975537988892669	0.4259614849190424
-1.1642518221179685	3.5675457234699595	0	0	0
-1.5418624906579694	2.224404644520985	1.5115899472183936	0.18181818181818182	0.36363636363636365
-2.354112568382426	-0.8209048394839895	1.880472382893211	3.940758139254699e-5	1.5763032557018796e-4
-1.944155934337779	3.056767057927357	0	0	0
-0.8178442000190459	2.11048252538036	0	0	0
-3.0805574088136396	-1.8529286865871084	1.0550779449700225	0.20074430744918464	0.39404554040652284
-1.60250610399644	3.2574568505604136	2.191218727414448	0.001547208171322059	0.002062944228429412
-0.9524959987739764	3.0051356072742808	0	0	0
5.490598854537801	0.08467881784032462	0	0	0
-2.0276293187181196	0.41435189202617284	0	0	0
-1.4469126789609632	-1.055667925326122	1.9418747619920196	0	0.002849626841007874
-1.1303378074208936	-0.8679370169322622	1.615912413058795	0.18181818181818182	0.45454545454545464
0.34527283620436566	1.7275346036274302	1.6375432398374856	0	0
0.9013567538221635	-1.9264368300120962	0	0	0
0.3540957541425981	-1.6503491882960928	0	0	0
-2.1271479754487714	-1.9410609488170278	1.816524243575813	0	0
-1.444377395395442	-0.999972033945812	0	0	0
-0.6519252984563552	1.957768272908436	1.4687557607899253	0	0
-1.48229930091302	-1.4803324227016104	1.2297325348141077	0	0
-2.068550649170085	-2.1544548754375112	1.1548800626672429	8.049463381072506e-4	0.0020123658452681267
0.15681451272566693	2.468116116078602	0	0	0
0.5056801409681596	-2.899627852885021	1.6643617679662028	0	0
0.23441236924727338	2.6983421559650766	0	0	0
-2.358419600013896	-3.0170468573253286	1.7292562879501359	1.7914872215528548e-6	0.012239880401338915
0.19110864114363568	1.762559246571766	1.3097898508586094	0	0
3.4077917904814043	3.1469193215687143	0	0	0
-3.2091138987580976	-2.0717312578838003	0	0	0
-0.14218563127915484	2.9777489419300425	0	0	0
-0.19157100010315997	-1.3223941807429922	2.3900436478185845	0.0017681908621118253	0.0023575878161491005
-1.464020493511363	-1.9746094231288565	2.154268152159968	2.615114293743721e-8	8.721304180862204e-5
3.531161961074666	2.7253947968799936	0	0	0
0.24167078446944135	-1.4440832619350088	1.9747096681996845	0	0
-2.0368390708009443	2.595343660863148	0	0	0
3.259567436691121	3.1028564687092173	0	0	0
-0.21401244688431842	-1.6187893633525503	0	0	0
-2.93199247408311	-1.1434193138759268	0	0	0
-1.8172057895700178	-3.5490977053325308	1.90203379779316	0.0011757789535567316	0.0010582010582010585
-0.711528423313304	3.4030743356068003	1.515282742972982	0	0.5
-1.1060635625163755	-1.1940026764552725	1.032467278818975	0.2	0.26666666666666666
3.6776139111479083	3.0054727311451304	2.268302328674674	0.0015120967741935486	0.002268145161290323
-1.4407397835294447	3.2552409882862436	1.3614544764408838	0	0
-2.80127364683549	-2.5616840605418814	1.7032711454318143	1.1107667244830003e-7	1.481022299310667e-7
-2.480598154548808	-1.0232962851207388	0	0	0
-1.6616463093797407	3.175738405736195	0	0	0
-1.9434242277185163	1.7249712462742197	1.497012705518932	0	0.6000000000000001
3.8958403439482012	3.148206781895863	1.2226824620639334	1	0
-0.17870521831910235	1.8848601098377573	1.177061726343216	0.08333333333333333	0.25
-0.3622911601106368	-3.1100942377727163	1.2829019704278783	0.0015472081713220592	0.0020629442284294123
-0.14726394701401813	-1.837854195086254	1.7409056011608444	8.846939047576077e-4	0.0022117347618940196
5.3794600338896075	1.6001995320637095	1.0994950342853334	0.28571428571428575	0.2571428571428572
-1.0007001469622097	3.301482510121571	0	0	0
-0.39499736118714435	-3.4091617350261343	0	0	0
-1.5353158741037092	3.51390631154369	0	0	0
4.510490593429402	2.598118376286732	0.7901204291276837	0	0
3.5447413296659747	3.135469269307362	0	0	0
-1.8042575745622358	3.2475314851124155	0	0	0
-0.673341783765956	2.4246767278034556	0	0	0
4.099044975753621	3.2052787061054575	0	0	0
-0.7876201002637587	3.3186228986103403	0	0	0
0.6418655486067094	1.7320910210926401	0	0	0
-1.1613265155593595	-2.038313794581188	0	0	0
-0.05842674065034015	2.242191862614857	0	0	0
-0.047616186622782775	-1.9473459009807241	0	0	0
0.24729519795973676	-1.4403118376414907	0	0	0
0.6955999703367509	1.7541124339420664	0	0	0
0.6684820027311601	1.7213513369877207	0	0	0
-0.4196937112848006	-0.18777498945404414	0	0	0
-0.020044746879740782	-1.1099014763515127	0	0	0
0.19202989053328412	2.094710421117054	0	0	0
-0.33480048466126544	1.9641894812900889	0	0	0
4.599907097335652	2.191819262059437	0.9521913625438487	0	0
-1.8385964660684309	1.872767281087147	0	0	0
4.729126152511434	2.160238575490223	1.1315732847044515	0	0
-0.7122303872148238	2.517916512044178	1.5718034434937938	0	0
0.10747950982649701	2.4454563374836313	0	0	0
0.01160388898451703	2.2408385987598765	0	0	0
0.2644048304518022	-1.5956877951305044	0	0	0
4.430384811874227	2.599675249608265	0	0	0
-0.2214611797372542	2.339641880543934	0	0	0
-2.5172196059266767	0.19339567080329534	1.7964834352928427	0.27777777777777785	0.25000000000000006
-1.670290651802226	2.425952744038807	1.6201880246926827	0	0
-0.17119723844925983	-1.537697363344921	1.1792212407764917	0	0
1.0918812127073565	-2.587482381312145	1.7333967094234681	0.5	0
-2.480816784385844	0.20439725771735784	0	0	0
-2.7918213038484296	-1.9661943201701773	0.7885531761604662	0	0
0.250645694251851	1.7786222215015757	2.4148965602574792	0	0
-1.7981510191003522	0.5426326508838999	0	0	0
-1.1265056310931882	-2.2084247355144155	1.8383394932792878	0.024691358024691367	0.049382716049382734
-0.270177367214366	-2.138587165323986	2.4515214875888276	1.8772533603087928e-4	4.693078637767365e-4
-1.2731945543328962	-2.4520789866130484	0.8446048789735552	0	0
-0.3701905636827193	3.2820540185291636	0	0	0
-0.8686413793603621	2.9605046029407847	0	0	0
-2.0917051463166914	-3.5619594340007437	1.468755760789924	0.15384615384615385	0.3653846153846153
-0.06628006983201129	2.1241467709858286	1.891857115539904	0	0
-1.7154989867250166	1.4031469340641367	0	0	0
-2.4907290368119916	0.27051499143432256	1.3966770030636237	0.125	0.25
-0.004119339470072814	-2.3291291479747427	0	0	0
0.40229302358229535	-2.0849758867900503	2.280742842852572	0	0
0.2291521401365556	1.9279709573109018	1.345024723348963	0	0.5
-0.5859753816167556	-3.402568746058239	2.136002685768001	0.1303030303030303	0.609090909090909
-1.8343660264054975	-2.152778554407848	0	0	0
-1.980696084980174	2.470360588582264	0	0	0
-0.7456303118507109	-1.4727330689113272	1.2103580226902497	0	0
-2.5246598153154096	-0.7244278673808706	1.908200011073482	0	0.5
3.4433256955107012	3.0863075967151987	0	0	0
-1.4731103210488996	2.5315321202595102	1.259646115128195	0	1
0.14844447087843793	2.462794136555897	0	0	0
-1.4260942070523939	2.719576668294178	0	0	0
0.3255510897596635	-1.3624649529140127	0	0	0
-1.9411284356157026	2.4260407204944956	0	0	0
-0.898581842962905	3.321878265889393	0	0	0
-1.0438329121808252	-1.7254750017802847	1.569134150353595	0.001547208171322059	0.002062944228429412
0.28523486566145795	1.7810999865848887	0	0	0
-1.4429186015168867	-3.4254700426738394	1.8884923962030868	1.4159185737943124e-5	3.53979643448578e-5
-0.6025848119298659	-1.0259814743678701	1.4722244204995691	0	0
-0.7160655884782515	3.1859915967304575	0	0	0
3.2775575489958086	3.1061616654713022	0	0	0
4.571748432632283	2.2930255647022593	0	0	0
0.2469736905058183	-1.4795959477107656	0	0	0
-1.4385088412801466	2.2873030419666636	0	0	0
5.445228275771932	-0.11431420191933038	0	0	0
-1.5500322608987531	-1.9838675741832388	0	0	0
-1.7650849847833356	-2.1880065684001577	0.6440849141612913	0.2	0.26666666666666666
-1.3273785142938337	3.4581824059803354	0	0	0
-0.5835744767228804	2.8646083588917124	1.6180471043120002	0	0
-1.58901995706956	2.3282898183185923	0	0	0
0.3438045353849687	-1.4059596542995108	0	0	0
0.014910635467366151	-1.0754893307368887	0	0	0
0.46509796094496625	1.6212239976246225	0	0	0
-0.11354238081376178	-1.316625881640209	0	0	0
0.7965106339414872	-2.0089899782817495	0	0	0
-2.2422680287400922	-2.3611647371928823	0	0	0
3.6039711804350176	2.7505784745533335	0	0	0
-0.053675475601359435	1.9452480788547861	0	0	0
-3.123158755783244	-1.6105503325145376	0	0	0
5.709343132491902	-0.31086249992061976	0	0	0
-2.511351886276408	-2.837562251536144	1.429014129390438	0	0
-2.428412023071452	-1.2193106894176138	0	0	0
-1.123326796178027	-3.254683661906017	1.2238515222546524	0.16666666666666663	0.6190476190476192
-0.4215633301774703	1.4159271235782969	0	0	0
-2.5953541426698408	0.3061272318680155	1.8640101774424584	0	0
3.4410368771513262	3.1838765855152475	0	0	0
-1.74594933081071	-2.321542430369152	0	0	0
-1.307542565349742	2.6983435864765513	0	0	0
3.6339041562040606	2.7429919953663218	0	0	0
3.5736576886137286	2.7147532220203745	0	0	0
-1.9166857032815656	2.8025010342914927	0	0	0
-1.6564732222596845	3.2146690602619516	0	0	0
-0.3846297292749129	2.2711828465778696	0	0	0
-0.5504576592485152	2.565223049672352	0	0	0
-1.4168556659261426	3.289588522465931	1.4460763950111635	0	1
-0.28396767664353473	3.213760923894154	0	0	0
-0.07377898979584796	2.3121727223713266	1.7911038434136173	0.21428571428571427	0.4999999999999999
-1.2473713784257612	3.5257158990223276	1.9312059961019297	0	0.5
-1.2248512684146604	-2.7882425074260366	0	0	0
-0.19320637274186236	3.2874932999927866	0	0	0
-0.43292808819214923	2.5708211179096567	0	0	0
0.3348156781156816	2.288597893269764	0	0	0
-0.22868484545151813	3.257700037511097	0	0	0
-0.7367680995504103	3.0732312913257944	2.1187543180106725	0	1
0.2340705962141313	-1.4968984608333242	0	0	0
-1.4692164092103681	-0.6696334366481436	1.3536695190813577	0	0
-1.3940527169744215	2.830425095113026	0	0	0
-0.44896287012498004	-3.204498458353771	1.0775530263832236	0	0
-0.22074073839585406	-3.332822490183605	0	0	0
-2.40830284643571	-0.6372920756023062	1.5030492022063497	0.1875	0.25
0.1699480385740556	-1.3710088019054067	0	0	0
0.27999168347914594	1.5418613667805063	0	0	0
-2.468083801750346	-0.8055374507587088	1.2497764281719699	0.2	0.3
-1.337049695734187	2.684162210973011	1.6523232366767069	0	0
-0.27734768677155597	-3.268658328501476	0	0	0
0.6979655594785966	1.7632151360828745	0	0	0
0.25322168778975385	-1.8992212299983633	0	0	0
0.2077280850370683	1.4826361651737558	0	0	0
-0.03820300388733966	-1.2242119793574942	0	0	0
3.3466460080107012	2.612665724309193	0	0	0
0.5055342287977495	1.591270756276356	0	0	0
4.774190124984578	2.508753847630726	0	0	0
-2.4180640606919965	0.22055948928187963	0	0	0
-1.6493475465814313	1.2830330844242441	2.4533886539169414	0	0.5
0.11777251672346967	2.598877262624012	0	0	0
5.408075508590535	-0.1265585307757986	1.4081561633936008	0	0
0.0638532013853349	2.6089962239582407	1.078747964818039	0	0
-0.7340006260911666	3.420534920247303	0	0	0
-0.036501052860423155	-1.4138917212169302	1.9365235422595952	0.99375	0
0.25399702500899213	1.7379357333500254	1.5442624529087838	0	0
3.8854529232939043	3.1461215730030405	0	0	0
5.507402595992879	-0.056811246721042416	0	0	0
0.26326077889998334	2.2887237782795298	0	0	0
0.0012221903761185926	2.7531512494404184	0	0	0
4.663653072830037	2.141469549687611	0	0	0
-1.7430106430093488	1.7148594374973642	0	0	0
-1.2325764774123869	2.8770688290912974	0	0	0
-2.8811903624574384	-1.0322735790889395	2.2408957308211126	0.16666666666666669	0.5
4.310914692397908	2.709235500844227	0	0	0
-1.8709160118142805	1.7235568280536997	1.4757109105674573	0	0
1.503740725036458	-2.35649745508839	0	0	0
-1.2805471448938093	3.5541809315998423	0	0	0
-1.2659582226316175	-0.8794230107944143	2.0401702554262147	0.2518462821103477	0.007333524286139337
-2.56559044409196	0.30066977098773595	0	0	0
0.1086917490919389	2.565990995915638	0	0	0
-1.3824014692346296	2.4458251710255015	0	0	0
-1.231429356221362	-1.5787194256465567	2.2652175531479335	0	4.829191666185589e-4
-2.6671623616258344	-0.4138769392650259	0	0	0
0.28323107671339887	1.7659496779758799	0	0	0
-2.414372148994609	0.3965129967052805	0	0	0
-0.7743062405626021	2.6736558194477427	1.5718034434937913	0	0
-0.747715118412181	-1.4802653078715933	1.592145593708893	0.08333333333333333	0.3333333333333333
-0.03539604235093219	2.183757614644276	0	0	0
0.24276560258467572	-2.593977618662609	0	0	0
-1.9274734883348188	0.4653374667484629	0	0	0
0.16082876634199994	1.4284624572117197	0	0	0
-0.9890200533683143	-2.701322007624401	1.5140496273476753	0.08333333333333333	0.25
0.9612191290815629	-2.0068682913463247	0	0	0
5.345936951156453	-0.13067600473572138	0	0	0
5.282211002822713	1.3944997306187021	0	0	0
-2.3794139056245527	0.0787051583845484	2.0726464828273814	0.017857142857142887	0.016071428571428598
-1.7136254339257917	2.329515051396595	0	0	0
-0.21646184015671832	-3.438112903086437	1.721041337551508	0	0
-1.3494703798333845	-2.679440665690197	0	0	0
-2.4587429194490156	0.1682832057793009	1.8314196618349325	0	0
-0.9784925943950854	-2.694692779032482	1.5866646417200068	0	0
-2.9220753340760908	-1.666839766947521	0	0	0
-2.726304951194926	0.06293523714135764	0	0	0
-2.3902421622316083	0.11673823401521323	0	0	0
0.6299558253248491	-1.358687568156017	0	0	0
0.033186730857685975	2.060478281529652	1.2990687328759234	0.19999999999999998	0.39999999999999997
-1.8439300684968671	2.588117908986317	1.4483101597254302	0	0
3.646590885635213	2.8138955350239145	0	0	0
3.7124797673185626	2.8926406617481577	0	0	0
0.3412042231519975	-2.5477115397136343	0	0	0
-2.0993432431260786	-0.3412338976543081	2.298118785735675	0	0.003229703088871913
0.10228293847639935	2.7309551949818003	1.2321017486579828	0	0
-2.7656900315324506	-1.4603674893062246	2.122705627050832	9.765625e-4	0.994140625
0.037016806121663026	2.504411053212391	0	0	0
0.3604488940199174	-1.614335227457775	0	0	0
-1.290719541792079	3.4839437718708384	0	0	0
-1.491609546426936	2.403104614766346	0	0	0
-1.3252185313741407	2.720858406575428	0	0	0
-1.356934997324153	-1.02910225435902	2.533096033809538	6.169264997734636e-5	0.26102709941535485
-0.6820253162423812	2.6192777867634165	0	0	0
-0.2683650879899703	-1.4436687712352407	0	0	0
-2.4370396761934003	-0.7123112563769949	1.8818036653107286	0	0
-0.9741427312384091	-1.2155502323787344	0	0	0
-1.941463234905406	1.5896775241215098	1.8276699734217443	0.08333333333333334	0.25
-0.90123787063758	2.3494065518696177	0	0	0
-1.9168784647027692	1.6345524306614267	0	0	0
-1.4090169994870863	2.0259998555500376	0	0	0
-1.9569301633874616	1.7278482432682383	0	0	0
-0.6995710163156234	2.0608249421436655	2.587089863366562	0	0
-2.1097860961000166	0.24695932522605535	0	0	0
0.2223239512403764	1.8358348126728403	1.3673565680917084	0	0
-0.7927300809661589	3.347628426106678	2.2439018184515858	0	0.5
-1.1894331752101621	2.866520237477528	0	0	0
0.2139168353040971	1.6937765593845713	0	0	0
-0.47231626797120196	3.309739422353016	2.117441048109861	0	1
-0.33697063017289264	2.567769836934315	0	0	0
-2.5425038962403974	0.2388473416883814	0	0	0
0.8654203982313432	-2.8467985872905386	0	0	0
0.38363951158125775	-2.3798929934184683	0	0	0
0.3207027287443437	-1.6366422657649649	1.9227670851040861	0	0
-2.184066834930583	0.9930631037075388	0	0	0
-1.455694737915202	2.367321562321888	0	0	0
-0.3255655794183455	2.0855012650806772	2.7964638272237434	0	0
-1.926488402370616	2.4308877702076304	0	0	0
-1.1834676443378171	1.804053377660023	0	0	0
0.21282046746809857	1.4798426146824228	0	0	0
0.2553638787229814	1.5677524323780405	1.7342274541629064	0	0
-1.2618148057500562	3.6401053185779917	0	0	0
-1.1734219818155012	0.6803053136188852	0	0	0
-1.6437782673875532	1.3141164298374521	0	0	0
-1.2954487829248151	3.211942266972767	0	0	0
-1.4809362022916517	3.037978243382679	2.0181887198052193	0	0
-1.7006047396699628	2.4626332040150034	0	0	0
